[Difficulty]
HPDrainRate:5
CircleSize:4
OverallDifficulty:9
ApproachRate:9.6
SliderMultiplier:1.8
SliderTickRate:1

[Events]
//Background and Video events
0,0,"BG.png",0,0
//Break Periods
//Storyboard Layer 0 (Background)
//Storyboard Layer 1 (Fail)
//Storyboard Layer 2 (Pass)
//Storyboard Layer 3 (Foreground)
//Storyboard Layer 4 (Overlay)
//Storyboard Sound Samples

[TimingPoints]
-991,348.837209302326,4,2,0,60,1,0
404,-100,4,2,1,60,0,0
753,-58.8235294117647,4,2,1,60,0,0
1450,-133.333333333333,4,2,1,60,0,0
2846,-1000,4,2,1,60,0,0
3107,-1000,4,2,1,5,0,0
3195,-66.6666666666667,4,2,2,70,0,0
3369,-66.6666666666667,4,2,3,70,0,0
3456,-66.6666666666667,4,2,1,70,0,0
3543,-66.6666666666667,4,2,4,70,0,0
3718,-66.6666666666667,4,2,3,70,0,0
3805,-66.6666666666667,4,2,1,70,0,0
3892,-66.6666666666667,4,2,4,70,0,0
4067,-66.6666666666667,4,2,3,70,0,0
4154,-66.6666666666667,4,2,1,70,0,0
4241,-133.333333333333,4,2,4,70,0,0
4415,-133.333333333333,4,2,3,70,0,0
4590,-66.6666666666667,4,2,4,70,0,0
4764,-66.6666666666667,4,2,3,70,0,0
4852,-66.6666666666667,4,2,1,70,0,0
4939,-133.333333333333,4,2,4,70,0,0
5113,-133.333333333333,4,2,3,70,0,0
5288,-133.333333333333,4,2,4,70,0,0
5462,-133.333333333333,4,2,5,70,0,0
5636,-133.333333333333,4,2,2,70,0,0
5811,-133.333333333333,4,2,5,70,0,0
5985,-66.6666666666667,4,2,4,70,0,0
6160,-66.6666666666667,4,2,3,70,0,0
6247,-66.6666666666667,4,2,1,70,0,0
6334,-66.6666666666667,4,2,4,70,0,0
6509,-66.6666666666667,4,2,3,70,0,0
6596,-66.6666666666667,4,2,1,70,0,0
6683,-66.6666666666667,4,2,4,70,0,0
6857,-66.6666666666667,4,2,3,70,0,0
6945,-66.6666666666667,4,2,1,70,0,0
7032,-133.333333333333,4,2,4,70,0,0
7206,-133.333333333333,4,2,3,70,0,0
7381,-133.333333333333,4,2,1,70,0,0
7555,-133.333333333333,4,2,4,70,0,0
7729,-133.333333333333,4,2,1,70,0,0
7904,-133.333333333333,4,2,4,70,0,0
7991,-133.333333333333,4,2,1,70,0,0
8253,-133.333333333333,4,2,3,70,0,0
8471,-133.333333333333,4,2,2,70,0,0
8776,-66.6666666666667,4,2,4,70,0,0
8950,-66.6666666666667,4,2,3,70,0,0
9038,-66.6666666666667,4,2,1,70,0,0
9125,-66.6666666666667,4,2,4,70,0,0
9299,-66.6666666666667,4,2,3,70,0,0
9386,-66.6666666666667,4,2,1,70,0,0
9474,-66.6666666666667,4,2,4,70,0,0
9648,-66.6666666666667,4,2,3,70,0,0
9735,-66.6666666666667,4,2,1,70,0,0
9822,-133.333333333333,4,2,4,70,0,0
9997,-133.333333333333,4,2,3,70,0,0
10171,-66.6666666666667,4,2,4,70,0,0
10346,-66.6666666666667,4,2,3,70,0,0
10433,-66.6666666666667,4,2,1,70,0,0
10520,-133.333333333333,4,2,4,70,0,0
10695,-133.333333333333,4,2,3,70,0,0
10869,-133.333333333333,4,2,4,70,0,0
11043,-133.333333333333,4,2,5,70,0,0
11218,-133.333333333333,4,2,2,70,0,0
11392,-133.333333333333,4,2,5,70,0,0
11567,-66.6666666666667,4,2,4,70,0,0
11741,-66.6666666666667,4,2,3,70,0,0
11828,-66.6666666666667,4,2,1,70,0,0
11915,-66.6666666666667,4,2,4,70,0,0
12090,-66.6666666666667,4,2,3,70,0,0
12177,-66.6666666666667,4,2,1,70,0,0
12264,-66.6666666666667,4,2,4,70,0,0
12439,-66.6666666666667,4,2,3,70,0,0
12526,-66.6666666666667,4,2,1,70,0,0
12613,-133.333333333333,4,2,4,70,0,0
12788,-133.333333333333,4,2,3,70,0,0
12962,-133.333333333333,4,2,1,70,0,0
13136,-133.333333333333,4,2,4,70,0,0
13311,-133.333333333333,4,2,1,70,0,0
13485,-133.333333333333,4,2,4,70,0,0
13572,-133.333333333333,4,2,1,70,0,0
13834,-133.333333333333,4,2,3,70,0,0
14009,-133.333333333333,4,2,6,70,0,0
14052,-133.333333333333,4,2,2,70,0,0
14357,-83.3333333333333,4,2,2,60,0,0
16625,-100,4,2,4,60,0,0
16799,-76.9230769230769,4,2,4,60,0,0
17061,-1000,4,2,1,5,0,0
17148,-76.9230769230769,4,2,2,60,0,0
17846,-100,4,2,2,60,0,0
18631,-100,4,2,1,60,0,0
18892,-100,4,2,5,60,0,0
19067,-100,4,2,1,60,0,0
19241,-100,4,2,5,60,0,0
19415,-100,4,2,1,60,0,0
19590,-100,4,2,5,60,0,0
19764,-100,4,2,1,60,0,0
19939,-76.9230769230769,4,2,1,60,0,0
20113,-76.9230769230769,4,2,4,60,0,0
20636,-76.9230769230769,4,2,4,60,0,0
22206,-100,4,2,4,60,0,0
22381,-71.4285714285714,4,2,4,60,0,0
22642,-1000,4,2,1,5,0,0
22729,-71.4285714285714,4,2,2,60,0,0
24212,-71.4285714285714,4,2,1,60,0,0
24474,-71.4285714285714,4,2,5,60,0,0
24648,-71.4285714285714,4,2,1,60,0,0
24822,-71.4285714285714,4,2,5,60,0,0
24997,-71.4285714285714,4,2,1,60,0,0
25171,-71.4285714285714,4,2,5,60,0,0
25346,-71.4285714285714,4,2,1,60,0,0
25520,-71.4285714285714,4,2,1,45,0,0
26567,-20,4,2,1,70,0,0
26915,-20,4,2,1,60,0,0
27090,-20,4,2,4,60,0,0
28660,-133.333333333333,4,2,4,60,0,0
29357,-83.3333333333333,4,2,4,60,0,0
29619,-1000,4,2,1,5,0,0
29706,-133.333333333333,4,2,2,60,0,0
31189,-133.333333333333,4,2,1,60,0,0
31450,-133.333333333333,4,2,5,60,0,0
31625,-133.333333333333,4,2,1,60,0,0
31799,-133.333333333333,4,2,5,60,0,0
31974,-133.333333333333,4,2,1,60,0,0
32148,-133.333333333333,4,2,5,60,0,0
32322,-133.333333333333,4,2,1,60,0,0
32497,-83.3333333333333,4,2,1,60,0,0
32671,-83.3333333333333,4,2,4,60,0,0
33195,-76.9230769230769,4,2,4,60,0,0
33892,-133.333333333333,4,2,4,60,0,0
34939,-83.3333333333333,4,2,4,60,0,0
35200,-1000,4,2,1,5,0,0
35288,-83.3333333333333,4,2,2,60,0,0
35636,-133.333333333333,4,2,2,60,0,0
36770,-133.333333333333,4,2,1,60,0,0
37032,-133.333333333333,4,2,5,60,0,0
37206,-133.333333333333,4,2,1,60,0,0
37381,-133.333333333333,4,2,5,60,0,0
37555,-133.333333333333,4,2,1,60,0,0
37729,-133.333333333333,4,2,5,60,0,0
37904,-133.333333333333,4,2,1,60,0,0
38078,-133.333333333333,4,2,1,45,0,0
39125,-66.6666666666667,4,2,1,70,0,0
39474,-71.4285714285714,4,2,2,65,0,0
39822,-100,4,2,2,65,0,0
40869,-71.4285714285714,4,2,2,65,0,0
41218,-100,4,2,2,65,0,0
42264,-71.4285714285714,4,2,2,65,0,0
42526,-71.4285714285714,4,2,5,65,0,0
42613,-71.4285714285714,4,2,2,65,0,0
42788,-71.4285714285714,4,2,7,65,0,0
42962,-71.4285714285714,4,2,2,65,0,0
43660,-83.3333333333333,4,2,2,65,0,0
44270,-83.3333333333333,4,2,1,65,0,0
44357,-83.3333333333333,4,2,2,65,0,0
44445,-83.3333333333333,4,2,4,65,0,0
44706,-83.3333333333333,4,2,2,65,0,0
45055,-83.3333333333333,4,2,2,55,0,0
45753,-100,4,2,2,55,0,0
46102,-200,4,2,2,55,0,0
46276,-100,4,2,5,55,0,0
46450,-100,4,2,2,55,0,0
47322,-133.333333333333,4,2,2,55,0,0
47671,-133.333333333333,4,2,5,55,0,0
47846,-133.333333333333,4,2,2,55,0,0
48369,-133.333333333333,4,2,5,55,0,0
48543,-133.333333333333,4,2,2,55,0,0
49067,-133.333333333333,4,2,5,55,0,0
49241,-133.333333333333,4,2,2,55,0,0
49415,-133.333333333333,4,2,5,55,0,0
49590,-166.666666666667,4,2,2,55,0,0
49764,-166.666666666667,4,2,5,55,0,0
49939,-333.333333333334,4,2,5,55,0,0
50288,-333.333333333334,4,2,1,55,0,0
50636,-500.000000000003,4,2,1,70,0,0
51072,-1000,4,2,1,5,0,0
51160,-500.000000000003,4,2,1,70,0,0
51334,-50,4,2,1,70,0,0
52729,-100,4,2,1,70,0,0
53078,-200,4,2,1,70,0,0
53427,-66.6666666666667,4,2,1,80,0,1
53602,-50,4,2,1,80,0,1
55171,-100,4,2,1,80,0,1
55695,-25,4,2,1,80,0,1
55869,-33.3333333333333,4,2,1,80,0,1
56131,-1000,4,2,1,5,0,1
56218,-33.3333333333333,4,2,1,80,0,1
56392,-66.6666666666667,4,2,1,80,0,1
56567,-100,4,2,1,80,0,1
56915,-50,4,2,1,80,0,1
57046,-1000,4,2,1,5,0,1
57090,-100,4,2,1,80,0,1
57264,-50,4,2,1,80,0,1
57395,-1000,4,2,1,5,0,1
57439,-100,4,2,1,80,0,1
57962,-55.5555555555556,4,2,1,80,0,1
58311,-55.5555555555556,4,2,6,80,0,1
58398,-55.5555555555556,4,2,1,80,0,1
58834,-100,4,2,1,80,0,1
59706,-50,4,2,1,80,0,1
60753,-100,4,2,1,80,0,1
61276,-25,4,2,1,80,0,1
61450,-33.3333333333333,4,2,1,80,0,1
61712,-1000,4,2,1,5,0,1
61799,-50,4,2,1,80,0,1
61930,-1000,4,2,1,5,0,1
61974,-100,4,2,1,80,0,1
62148,-50,4,2,1,80,0,1
62279,-1000,4,2,1,5,0,1
62322,-100,4,2,1,80,0,1
64590,-100,4,2,1,90,0,1
64939,-50,4,2,1,90,0,1
65811,-333.333333333333,4,2,1,90,0,1
66334,-50,4,2,1,90,0,1
67293,-1000,4,2,1,5,0,1
67381,-50,4,2,8,90,0,1
67468,-50,4,2,1,90,0,1
67555,-66.6666666666667,4,2,1,90,0,1
68253,-100,4,2,1,90,0,1
69125,-55.5555555555556,4,2,1,90,0,1
69822,-100,4,2,1,90,0,1
70520,-50,4,2,1,90,0,1
71392,-333.333333333333,4,2,1,90,0,1
71915,-50,4,2,1,90,0,1
72875,-1000,4,2,1,5,0,1
72962,-66.6666666666667,4,2,8,90,0,1
73049,-66.6666666666667,4,2,1,90,0,1
73834,-100,4,2,1,90,0,1
74706,-55.5555555555556,4,2,1,90,0,1
75753,-55.5555555555556,4,2,1,70,0,1
76799,-100,4,2,1,70,0,1
76974,-55.5555555555556,4,2,1,70,0,1
77322,-55.5555555555556,4,2,1,80,0,1
78456,-1000,4,2,1,5,0,1
78543,-55.5555555555556,4,2,1,60,0,0
78718,-55.5555555555556,4,2,4,60,0,0
80026,-55.5555555555556,4,2,1,60,0,0
80113,-55.5555555555556,4,2,4,60,0,0
80636,-133.333333333333,4,2,4,60,0,0
81421,-133.333333333333,4,2,1,60,0,0
81509,-133.333333333333,4,2,4,60,0,0
82119,-133.333333333333,4,2,1,60,0,0
82206,-133.333333333333,4,2,4,60,0,0
82555,-133.333333333333,4,2,3,60,0,0
82642,-133.333333333333,4,2,2,60,0,0
82729,-133.333333333333,4,2,4,60,0,0
83078,-100,4,2,4,60,0,0
83253,-66.6666666666667,4,2,4,60,0,0
83602,-66.6666666666667,4,2,2,60,0,0
84125,-83.3333333333333,4,2,1,60,0,0
84299,-83.3333333333333,4,2,4,60,0,0
84822,-100,4,2,4,60,0,0
86567,-83.3333333333333,4,2,4,60,0,0
86828,-83.3333333333333,4,2,4,5,0,0
86915,-83.3333333333333,4,2,2,60,0,0
87264,-100,4,2,2,60,0,0
88398,-100,4,2,1,60,0,0
88660,-100,4,2,5,60,0,0
88834,-100,4,2,1,60,0,0
89009,-100,4,2,5,60,0,0
89183,-100,4,2,1,60,0,0
89357,-100,4,2,5,60,0,0
89532,-100,4,2,1,60,0,0
92148,-33.3333333333333,4,2,1,70,0,0
92410,-83.3333333333333,4,2,4,5,0,0
92497,-100,4,2,2,60,0,0
93979,-100,4,2,1,60,0,0
94241,-100,4,2,5,60,0,0
94415,-100,4,2,1,60,0,0
94590,-100,4,2,5,60,0,0
94764,-100,4,2,1,60,0,0
94939,-100,4,2,5,60,0,0
95113,-100,4,2,1,60,0,0
95288,-100,4,2,1,45,0,0
96683,-100,4,2,1,50,0,0
97381,-100,4,2,1,60,0,0
97729,-333.333333333333,4,2,1,60,0,0
97991,-83.3333333333333,4,2,4,5,0,0
98078,-333.333333333333,4,2,1,65,0,0
98950,-100,4,2,1,65,0,0
99125,-50,4,2,1,65,0,0
99386,-83.3333333333333,4,2,4,5,0,0
99474,-50,4,2,1,65,0,0
102264,-50,4,2,1,70,0,0
104706,-50,4,2,1,55,0,0
105055,-500,4,2,1,70,0,0
105491,-83.3333333333333,4,2,4,5,0,0
105578,-500,4,2,1,70,0,0
105753,-50,4,2,1,70,0,0
106799,-100,4,2,1,70,0,0
107497,-200,4,2,1,70,0,0
107846,-66.6666666666667,4,2,1,80,0,1
108020,-50,4,2,1,80,0,1
109590,-100,4,2,1,80,0,1
110113,-25,4,2,1,80,0,1
110287,-33.3333333333333,4,2,1,80,0,1
110549,-33.3333333333333,4,2,1,5,0,1
110636,-66.6666666666667,4,2,1,80,0,1
112206,-100,4,2,1,80,0,1
112381,-55.5555555555556,4,2,1,80,0,1
112729,-55.5555555555556,4,2,6,80,0,1
112817,-55.5555555555556,4,2,1,80,0,1
113253,-100,4,2,1,80,0,1
114125,-50,4,2,1,80,0,1
115171,-100,4,2,1,80,0,1
115695,-25,4,2,1,80,0,1
115869,-33.3333333333333,4,2,1,80,0,1
116131,-33.3333333333333,4,2,1,5,0,1
116218,-50,4,2,1,80,0,1
116349,-33.3333333333333,4,2,1,5,0,1
116392,-100,4,2,1,80,0,1
116567,-50,4,2,1,80,0,1
116697,-33.3333333333333,4,2,1,5,0,1
116741,-100,4,2,1,80,0,1
119009,-100,4,2,4,60,0,0
119881,-100,4,2,1,60,0,0
120229,-100,4,2,4,60,0,0
121276,-100,4,2,1,60,0,0
121494,-100,4,2,4,60,0,0
122671,-100,4,2,1,60,0,0
123020,-100,4,2,4,60,0,0
124067,-100,4,2,1,60,0,0
124415,-100,4,2,4,60,0,0
125462,-100,4,2,1,60,0,0
125811,-100,4,2,4,60,0,0
126857,-100,4,2,1,60,0,0
127206,-100,4,2,4,60,0,0
128253,-100,4,2,1,60,0,0
128602,-100,4,2,4,60,0,0
129648,-100,4,2,4,50,0,0
129822,-100,4,2,1,65,0,0
130171,-55.5555555555556,4,2,1,75,0,0
130520,-66.6666666666667,4,2,1,75,0,0
135404,-66.6666666666667,4,2,2,75,0,0
135753,-66.6666666666667,4,2,1,75,0,0
139241,-66.6666666666667,4,2,8,75,0,0
139328,-66.6666666666667,4,2,1,75,0,0
139590,-66.6666666666667,4,2,8,75,0,0
139677,-66.6666666666667,4,2,1,75,0,0
140811,-100,4,2,4,75,0,0
141334,-100,4,2,4,55,0,0
142555,-133.333333333333,4,2,5,55,0,0
142904,-133.333333333333,4,2,2,55,0,0
143950,-133.333333333333,4,2,5,55,0,0
144125,-133.333333333333,4,2,2,55,0,0
145520,-50,4,2,1,70,0,0
146567,-333.333333333333,4,2,3,70,0,0
146915,-66.6666666666667,4,2,1,80,0,1
147090,-50,4,2,1,80,0,1
148660,-100,4,2,1,80,0,1
149183,-50,4,2,1,80,0,1
149357,-500,4,2,1,80,0,1
149619,-33.3333333333333,4,2,1,5,0,1
149706,-500,4,2,1,80,0,1
150055,-66.6666666666667,4,2,1,80,0,1
151799,-66.6666666666667,4,2,6,80,0,1
151886,-66.6666666666667,4,2,1,80,0,1
153195,-50,4,2,1,80,0,1
154241,-100,4,2,1,80,0,1
154764,-50,4,2,1,80,0,1
154939,-500,4,2,1,80,0,1
155200,-33.3333333333333,4,2,1,5,0,1
155288,-50,4,2,1,80,0,1
155636,-66.6666666666667,4,2,1,80,0,1
157032,-100,4,2,1,80,0,1
158078,-50,4,2,1,90,0,1
159299,-333.333333333333,4,2,1,90,0,1
159822,-50,4,2,1,90,0,1
160782,-33.3333333333333,4,2,1,5,0,1
160869,-50,4,2,8,90,0,1
160956,-50,4,2,1,90,0,1
161043,-66.6666666666667,4,2,1,90,0,1
161741,-100,4,2,1,90,0,1
162613,-55.5555555555556,4,2,1,90,0,1
163311,-100,4,2,1,90,0,1
164009,-50,4,2,1,90,0,1
164881,-333.333333333333,4,2,1,90,0,1
165404,-50,4,2,1,90,0,1
166363,-33.3333333333333,4,2,1,5,0,1
166450,-50,4,2,8,90,0,1
166538,-50,4,2,1,90,0,1
166625,-66.6666666666667,4,2,1,90,0,1
167322,-100,4,2,1,90,0,1
168195,-50,4,2,1,90,0,1
169241,-50,4,2,1,70,0,1
170288,-100,4,2,1,70,0,1
170462,-50,4,2,1,80,0,1
170985,-55.5555555555556,4,2,1,80,0,1
171857,-333.333333333333,4,2,1,50,0,0
174822,-66.6666666666667,4,2,2,70,0,0
174997,-66.6666666666667,4,2,3,70,0,0
175084,-66.6666666666667,4,2,1,70,0,0
175171,-66.6666666666667,4,2,4,70,0,0
175346,-66.6666666666667,4,2,3,70,0,0
175433,-66.6666666666667,4,2,1,70,0,0
175520,-66.6666666666667,4,2,4,70,0,0
175695,-66.6666666666667,4,2,3,70,0,0
175782,-66.6666666666667,4,2,1,70,0,0
175869,-133.333333333333,4,2,4,70,0,0
176043,-133.333333333333,4,2,3,70,0,0
176218,-66.6666666666667,4,2,4,70,0,0
176392,-66.6666666666667,4,2,3,70,0,0
176479,-66.6666666666667,4,2,1,70,0,0
176567,-133.333333333333,4,2,4,70,0,0
176741,-133.333333333333,4,2,3,70,0,0
176915,-133.333333333333,4,2,4,70,0,0
177090,-133.333333333333,4,2,5,70,0,0
177264,-133.333333333333,4,2,2,70,0,0
177439,-133.333333333333,4,2,5,70,0,0
177613,-66.6666666666667,4,2,4,70,0,0
177788,-66.6666666666667,4,2,3,70,0,0
177875,-66.6666666666667,4,2,1,70,0,0
177962,-66.6666666666667,4,2,4,70,0,0
178136,-66.6666666666667,4,2,3,70,0,0
178224,-66.6666666666667,4,2,1,70,0,0
178311,-66.6666666666667,4,2,4,70,0,0
178485,-66.6666666666667,4,2,3,70,0,0
178572,-66.6666666666667,4,2,1,70,0,0
178660,-133.333333333333,4,2,4,70,0,0
178834,-133.333333333333,4,2,3,70,0,0
179009,-133.333333333333,4,2,1,50,0,0
179532,-200,4,2,1,50,0,0


[Colours]
Combo1 : 128,0,255
Combo2 : 255,0,255
Combo3 : 255,128,255
Combo4 : 128,128,255

[HitObjects]
263,333,404,5,6,3:2:0:0:
263,333,753,2,0,P|256:297|247:258,1,76.5000014591217,8|0,2:2|0:0,0:0:0:0:
415,192,927,1,2,3:3:0:0:
415,192,1450,2,0,P|411:210|407:225,1,33.7500012874604,10|0,2:2|0:0,0:0:0:0:
316,203,1625,2,0,P|319:186|323:169,1,33.7500012874604,10|0,2:2|0:0,0:0:0:0:
382,107,1799,5,6,3:2:0:0:
169,212,1974,1,2,1:2:0:0:
92,228,2061,1,0,1:1:0:0:
39,169,2148,1,10,2:2:0:0:
154,35,2322,5,6,3:2:0:0:
154,35,2671,2,0,L|146:68,1,33.7500012874604,0|0,3:3|0:0,0:0:0:0:
26,13,2846,6,0,L|23:0,1,13.5,8|0,2:2|0:0,0:0:0:0:
0,104,3195,6,0,L|66:89,1,67.5000025749208,6|0,3:2|0:0,0:0:0:0:
359,42,3369,5,10,2:2:0:0:
289,14,3456,1,2,2:2:0:0:
229,60,3543,1,2,3:2:0:0:
361,49,3718,5,10,2:2:0:0:
291,21,3805,1,2,2:2:0:0:
231,67,3892,1,2,3:2:0:0:
363,56,4067,5,10,2:2:0:0:
293,28,4154,1,2,2:2:0:0:
233,74,4241,2,0,L|240:107,1,33.7500012874604,2|0,3:2|0:0,0:0:0:0:
165,170,4415,2,0,L|157:136,1,33.7500012874604,10|0,2:2|0:0,0:0:0:0:
393,189,4590,2,0,L|378:255,1,67.5000025749208,2|0,3:2|0:0,0:0:0:0:
278,368,4764,5,10,2:2:0:0:
204,384,4851,1,2,2:2:0:0:
152,329,4939,2,0,L|159:295,1,33.7500012874604,2|2,3:2|2:3,0:0:0:0:
80,234,5113,2,0,L|73:268,1,33.7500012874604,10|0,2:2|0:0,0:0:0:0:
264,201,5288,1,2,3:2:0:0:
264,201,5375,1,2,2:3:0:0:
264,201,5462,1,10,2:2:0:0:
41,32,5636,1,2,3:3:0:0:
78,142,5811,1,10,2:2:0:0:
196,68,5985,6,0,L|129:53,1,67.5000025749208,6|0,3:2|0:0,0:0:0:0:
426,115,6160,5,10,2:2:0:0:
427,39,6247,1,2,2:2:0:0:
362,0,6334,1,2,3:2:0:0:
419,117,6509,5,10,2:2:0:0:
420,41,6596,1,2,2:2:0:0:
355,2,6683,1,2,3:2:0:0:
412,119,6858,5,10,2:2:0:0:
413,43,6945,1,2,2:2:0:0:
348,4,7032,2,0,L|314:11,1,33.7500012874604,2|0,3:2|0:0,0:0:0:0:
279,115,7206,2,0,L|312:107,1,33.7500012874604,10|8,2:2|2:2,0:0:0:0:
510,237,7381,5,6,3:2:0:0:
470,283,7468,1,2,2:2:0:0:
410,274,7555,1,2,2:2:0:0:
493,120,7729,2,0,L|485:153,1,33.7500012874604,6|0,3:2|0:0,0:0:0:0:
427,290,7904,5,2,2:2:0:0:
474,297,7991,1,2,2:2:0:0:
505,260,8078,1,6,3:2:0:0:
412,119,8253,2,0,L|404:152,1,33.7500012874604,10|8,2:3|2:3,0:0:0:0:
353,368,8427,6,0,L|349:384,6,16.8750006437302,6|2|2|2|10|2|2,3:3|2:3|2:3|2:3|2:2|2:3|2:3,0:0:0:0:
259,384,8776,6,0,L|273:317,1,67.5000025749208,6|0,3:2|0:0,0:0:0:0:
143,168,8950,5,10,2:2:0:0:
68,156,9037,1,2,2:2:0:0:
20,214,9124,1,2,3:2:0:0:
140,162,9299,5,10,2:2:0:0:
65,150,9386,1,2,2:2:0:0:
17,208,9473,1,2,3:2:0:0:
137,156,9648,5,10,2:2:0:0:
62,144,9735,1,2,2:2:0:0:
14,202,9822,2,0,L|21:235,1,33.7500012874604,2|0,3:2|0:0,0:0:0:0:
125,284,9997,2,0,L|118:251,1,33.7500012874604,10|0,2:2|0:0,0:0:0:0:
271,92,10171,6,0,L|256:158,1,67.5000025749208,2|0,3:2|0:0,0:0:0:0:
379,311,10346,5,10,2:2:0:0:
454,323,10433,1,2,2:2:0:0:
502,265,10520,2,0,L|494:231,1,33.7500012874604,2|2,3:2|2:3,0:0:0:0:
389,188,10695,2,0,L|397:222,1,33.7500012874604,10|0,2:2|0:0,0:0:0:0:
262,274,10869,1,2,3:2:0:0:
262,274,10956,1,2,2:3:0:0:
262,274,11043,1,10,2:2:0:0:
472,132,11218,1,2,3:3:0:0:
230,10,11392,1,10,2:2:0:0:
394,101,11567,6,0,L|409:35,1,67.5000025749208,6|0,3:2|0:0,0:0:0:0:
148,46,11741,5,10,2:2:0:0:
196,104,11828,1,2,2:2:0:0:
271,92,11915,1,2,3:2:0:0:
144,54,12090,5,10,2:2:0:0:
192,112,12177,1,2,2:2:0:0:
267,100,12264,1,2,3:2:0:0:
140,62,12439,5,10,2:2:0:0:
188,120,12526,1,2,2:2:0:0:
263,108,12613,2,0,L|270:74,1,33.7500012874604,2|0,3:2|0:0,0:0:0:0:
408,35,12788,2,0,L|401:69,1,33.7500012874604,10|8,2:2|2:2,0:0:0:0:
338,250,12962,5,6,3:2:0:0:
281,259,13049,1,2,2:2:0:0:
245,216,13136,1,2,2:2:0:0:
442,158,13311,2,0,L|435:192,1,33.7500012874604,6|0,3:2|0:0,0:0:0:0:
415,359,13485,5,2,2:2:0:0:
467,367,13572,1,2,2:2:0:0:
501,326,13659,1,6,3:2:0:0:
510,334,13834,5,10,2:3:0:0:
510,334,13921,1,8,2:3:0:0:
510,334,14009,2,0,L|502:300,1,33.7500012874604,6|2,3:2|2:3,0:0:0:0:
326,166,14183,2,0,L|318:199,1,33.7500012874604,14|2,2:2|2:3,0:0:0:0:
228,374,14357,6,0,B|200:375|173:381|173:381|160:364|125:338,1,107.999996704102,4|2,3:2|2:3,0:0:0:0:
134,345,14619,1,2,2:3:0:0:
134,345,14706,1,2,3:3:0:0:
213,280,14881,1,2,2:3:0:0:
32,220,15055,1,2,3:3:0:0:
59,305,15229,1,2,2:3:0:0:
59,305,15317,1,2,2:3:0:0:
59,305,15404,1,2,3:3:0:0:
215,193,15578,1,2,2:3:0:0:
19,136,15753,5,2,3:3:0:0:
71,103,15840,1,0,0:0:0:0:
25,62,15927,1,2,2:3:0:0:
50,30,16014,1,2,2:3:0:0:
19,8,16102,1,2,3:3:0:0:
19,8,16276,1,2,2:3:0:0:
19,8,16450,1,2,3:3:0:0:
19,8,16625,6,0,L|28:52,1,45,2|2,2:2|2:3,0:0:0:0:
118,168,16799,2,0,B|140:161|151:127|151:127|190:90|248:106|279:145,1,175.499991966248,6|2,3:2|2:3,0:0:0:0:
313,194,17148,6,0,P|334:174|341:146,1,58.4999973220826,6|0,3:2|0:0,0:0:0:0:
289,28,17322,1,2,2:3:0:0:
289,28,17410,1,2,2:3:0:0:
289,28,17497,1,2,3:3:0:0:
434,153,17671,1,2,2:3:0:0:
479,54,17846,2,0,L|390:72,1,90,2|2,3:3|2:3,0:0:0:0:
390,72,18107,1,2,2:3:0:0:
390,72,18195,1,2,3:3:0:0:
512,163,18369,1,10,2:3:0:0:
508,174,18456,1,10,2:3:0:0:
504,185,18543,5,2,1:3:0:0:
434,153,18631,1,0,1:1:0:0:
371,197,18718,1,8,2:2:0:0:
465,324,18892,1,10,3:2:0:0:
267,324,19067,5,0,1:1:0:0:
342,336,19155,1,0,1:1:0:0:
392,277,19242,1,10,3:2:0:0:
265,235,19415,5,0,1:1:0:0:
211,237,19503,1,0,1:1:0:0:
185,284,19590,1,10,3:2:0:0:
42,384,19764,5,8,3:3:0:0:
79,382,19852,1,4,2:3:0:0:
97,349,19939,2,0,B|58:291|58:291|28:292|14:331,1,116.999994644165,4|2,3:2|2:3,0:0:0:0:
20,316,20200,1,2,2:3:0:0:
20,316,20288,1,2,3:3:0:0:
133,221,20462,1,2,2:3:0:0:
202,368,20636,1,2,3:3:0:0:
292,281,20811,1,2,2:3:0:0:
292,281,20898,1,2,2:3:0:0:
292,281,20985,1,2,3:3:0:0:
193,277,21160,1,2,2:3:0:0:
358,380,21334,5,2,3:3:0:0:
385,332,21421,1,0,0:0:0:0:
427,362,21509,1,2,2:3:0:0:
454,339,21596,1,2,2:3:0:0:
491,360,21683,1,2,3:3:0:0:
491,360,21857,1,2,2:3:0:0:
491,360,22032,1,2,3:3:0:0:
491,360,22206,6,0,L|481:315,1,45,2|2,2:2|2:3,0:0:0:0:
346,186,22381,2,0,B|322:242|354:280|411:279|411:279|426:246|464:238,1,188.999994232178,6|2,3:2|2:3,0:0:0:0:
508,196,22729,5,6,3:2:0:0:
504,180,22816,1,0,0:0:0:0:
501,165,22903,1,2,2:3:0:0:
498,149,22990,1,2,2:3:0:0:
494,134,23077,1,2,3:3:0:0:
387,70,23253,1,2,2:3:0:0:
487,11,23427,1,2,3:3:0:0:
306,0,23602,1,2,2:3:0:0:
310,11,23689,1,2,2:3:0:0:
314,22,23776,1,2,3:3:0:0:
185,137,23950,1,10,2:3:0:0:
189,126,24037,1,10,2:3:0:0:
193,115,24124,5,6,1:2:0:0:
116,123,24212,1,0,1:1:0:0:
70,62,24299,1,8,2:2:0:0:
0,224,24474,1,10,3:2:0:0:
220,215,24648,5,0,1:1:0:0:
143,207,24736,1,0,1:1:0:0:
97,268,24823,1,10,3:2:0:0:
304,213,24997,5,0,1:1:0:0:
291,152,25085,1,0,1:1:0:0:
233,132,25172,1,10,3:2:0:0:
331,288,25346,5,0,1:1:0:0:
385,257,25434,1,0,1:1:0:0:
386,195,25521,1,2,2:2:0:0:
403,280,25695,1,2,2:2:0:0:
333,340,25869,1,2,2:2:0:0:
244,296,26043,1,2,2:2:0:0:
256,192,26218,1,2,2:2:0:0:
256,192,26567,6,0,L|232:302,1,112.5,8|0,3:2|0:0,0:0:0:0:
68,211,26915,5,4,3:2:0:0:
80,194,27003,1,0,0:0:0:0:
92,177,27090,1,2,2:3:0:0:
113,177,27176,1,2,2:3:0:0:
135,178,27264,1,2,3:3:0:0:
135,262,27439,1,2,2:3:0:0:
0,161,27613,1,2,3:3:0:0:
0,161,27788,1,2,2:3:0:0:
216,15,27962,1,2,3:3:0:0:
190,97,28136,1,2,2:3:0:0:
32,29,28311,5,2,3:3:0:0:
32,29,28398,1,0,0:0:0:0:
32,29,28485,1,2,2:3:0:0:
78,127,28660,6,0,L|111:119,1,33.7500012874604,2|0,3:3|0:0,0:0:0:0:
301,74,28834,2,0,L|267:81,1,33.7500012874604,2|2,2:3|2:3,0:0:0:0:
194,101,29009,5,2,3:3:0:0:
194,101,29183,2,0,L|186:67,1,33.7500012874604,2|2,2:2|2:3,0:0:0:0:
153,226,29357,2,0,L|186:67,1,161.999995056153,6|2,3:2|2:3,0:0:0:0:
123,8,29706,6,0,L|115:41,1,33.7500012874604,6|0,3:2|0:0,0:0:0:0:
246,195,29881,1,2,2:3:0:0:
246,195,30055,2,0,L|253:161,1,33.7500012874604,2|0,3:3|0:0,0:0:0:0:
369,138,30229,2,0,L|376:172,1,33.7500012874604,2|2,2:3|2:3,0:0:0:0:
487,205,30404,1,2,3:3:0:0:
487,205,30578,2,0,L|494:171,1,33.7500012874604,2|2,2:3|2:3,0:0:0:0:
369,138,30753,2,0,L|376:172,1,33.7500012874604,2|0,3:3|0:0,0:0:0:0:
398,335,30927,1,10,2:3:0:0:
402,342,31014,1,10,2:3:0:0:
406,349,31102,5,2,1:3:0:0:
480,360,31189,1,0,1:1:0:0:
504,288,31277,1,8,2:2:0:0:
288,164,31450,1,10,3:2:0:0:
306,304,31624,5,0,1:1:0:0:
330,232,31712,1,0,1:1:0:0:
404,243,31799,1,10,3:2:0:0:
512,119,31974,5,0,1:1:0:0:
460,111,32061,1,0,1:1:0:0:
443,162,32149,1,10,3:2:0:0:
310,37,32322,5,8,3:3:0:0:
346,31,32409,1,4,2:3:0:0:
358,67,32497,2,0,P|306:54|252:44,1,107.999996704102,4|2,3:2|2:3,0:0:0:0:
252,44,32759,1,2,2:3:0:0:
252,44,32846,1,2,3:3:0:0:
288,164,33020,1,2,2:3:0:0:
61,81,33195,2,0,B|82:61|95:37|95:37|127:47|154:48,1,116.999994644165,2|2,3:3|2:3,0:0:0:0:
154,48,33456,1,2,2:3:0:0:
154,48,33543,1,2,3:3:0:0:
25,164,33718,1,2,2:3:0:0:
196,213,33892,5,2,3:3:0:0:
196,213,33979,1,0,0:0:0:0:
196,213,34067,1,2,2:3:0:0:
76,345,34241,2,0,L|83:311,1,33.7500012874604,2|0,3:3|0:0,0:0:0:0:
127,128,34415,2,0,L|119:161,1,33.7500012874604,2|2,2:3|2:3,0:0:0:0:
99,236,34590,1,2,3:3:0:0:
99,236,34764,6,0,L|65:243,1,33.7500012874604,2|2,2:2|2:3,0:0:0:0:
224,276,34939,2,0,L|65:242,1,161.999995056153,6|2,3:2|2:3,0:0:0:0:
8,292,35288,5,6,3:2:0:0:
119,161,35462,1,2,2:3:0:0:
195,350,35636,2,0,L|161:342,1,33.7500012874604,2|0,3:3|0:0,0:0:0:0:
196,190,35811,2,0,L|229:197,1,33.7500012874604,2|2,2:3|2:3,0:0:0:0:
322,322,35985,1,2,3:3:0:0:
322,322,36160,2,0,L|314:288,1,33.7500012874604,2|2,2:3|2:3,0:0:0:0:
448,220,36334,2,0,L|440:253,1,33.7500012874604,2|0,3:3|0:0,0:0:0:0:
405,117,36509,1,10,2:3:0:0:
409,110,36596,1,10,2:3:0:0:
413,103,36684,5,6,1:2:0:0:
487,92,36771,1,0,1:1:0:0:
511,164,36857,1,8,2:2:0:0:
415,19,37032,1,10,3:2:0:0:
246,119,37206,5,0,1:1:0:0:
320,130,37293,1,0,1:1:0:0:
344,58,37381,1,10,3:2:0:0:
167,79,37555,5,0,1:1:0:0:
184,29,37643,1,0,1:1:0:0:
235,37,37730,1,10,3:2:0:0:
93,150,37904,5,0,1:1:0:0:
57,155,37991,1,0,1:1:0:0:
46,121,38079,1,2,2:2:0:0:
83,192,38253,1,2,2:2:0:0:
172,210,38427,1,2,2:2:0:0:
264,165,38602,1,2,2:2:0:0:
362,117,38776,1,2,2:2:0:0:
362,117,39125,6,0,L|376:183,1,67.5000025749208,12|0,3:2|0:0,0:0:0:0:
499,28,39299,5,0,1:1:0:0:
499,28,39386,1,0,1:1:0:0:
499,28,39474,2,0,B|477:21|457:7|457:7|359:40,1,125.999996154785,6|2,3:2|2:3,0:0:0:0:
299,48,39735,1,8,2:2:0:0:
299,48,39822,2,0,L|254:38,1,45,2|0,3:3|0:0,0:0:0:0:
184,96,39997,2,0,L|139:86,1,45,10|0,2:2|0:0,0:0:0:0:
0,55,40171,1,6,3:2:0:0:
99,10,40346,2,0,L|76:5,2,22.5,2|2|2,2:3|2:3|2:3,0:0:0:0:
270,133,40520,1,10,3:2:0:0:
270,133,40695,1,2,2:3:0:0:
8,203,40869,6,0,B|30:196|50:182|50:182|148:215,1,125.999996154785,2|2,3:3|2:3,0:0:0:0:
208,223,41130,1,8,2:2:0:0:
208,223,41218,2,0,L|252:213,1,45,2|0,3:3|0:0,0:0:0:0:
323,271,41392,2,0,L|367:261,1,45,10|0,2:2|0:0,0:0:0:0:
507,230,41566,1,6,3:2:0:0:
408,185,41741,2,0,L|430:180,2,22.5,2|2|2,3:3|2:3|2:3,0:0:0:0:
238,305,41915,1,10,2:2:0:0:
193,314,42002,1,8,2:2:0:0:
149,323,42089,1,10,2:2:0:0:
105,333,42176,1,8,2:2:0:0:
61,342,42264,6,0,B|37:318|11:303|11:303|28:273|39:246,1,125.999996154785,6|2,3:2|2:3,0:0:0:0:
0,180,42526,1,10,2:2:0:0:
0,180,42613,1,2,3:3:0:0:
126,250,42788,1,10,2:2:0:0:
218,100,42962,1,2,3:3:0:0:
85,180,43136,1,2,2:3:0:0:
85,180,43224,1,10,2:2:0:0:
85,180,43311,1,2,3:3:0:0:
118,82,43485,1,10,2:2:0:0:
296,160,43660,6,0,P|283:215|273:265,1,107.999996704102,4|2,3:2|2:3,0:0:0:0:
202,301,43921,1,8,2:2:0:0:
202,301,44009,1,2,3:3:0:0:
412,379,44183,5,10,2:2:0:0:
418,378,44270,1,0,1:1:0:0:
427,375,44357,1,2,1:3:0:0:
439,368,44445,1,0,1:1:0:0:
451,347,44532,1,2,1:3:0:0:
458,317,44619,1,2,1:3:0:0:
445,286,44706,1,14,3:2:0:0:
409,259,44793,1,8,2:2:0:0:
352,259,44881,1,8,2:2:0:0:
310,308,44968,1,8,2:2:0:0:
324,381,45055,5,6,3:2:0:0:
262,306,45229,1,2,2:3:0:0:
359,223,45404,1,2,3:3:0:0:
358,230,45491,1,0,0:0:0:0:
357,237,45578,1,2,2:3:0:0:
356,244,45666,1,0,0:0:0:0:
355,251,45753,2,0,L|336:162,1,90,2|2,3:3|2:3,0:0:0:0:
263,133,46014,1,2,2:3:0:0:
263,133,46102,2,0,L|267:110,1,22.5,2|0,3:3|0:0,0:0:0:0:
388,88,46276,2,0,L|369:-1,1,90,2|2,2:3|3:3,0:0:0:0:
87,22,46625,5,2,2:3:0:0:
162,125,46799,1,2,3:3:0:0:
163,118,46887,1,0,0:0:0:0:
164,111,46974,1,2,2:3:0:0:
165,104,47061,1,0,0:0:0:0:
166,97,47148,1,2,3:3:0:0:
40,159,47322,2,0,L|47:192,1,33.7500012874604,2|2,2:3|2:3,0:0:0:0:
133,293,47497,1,2,3:3:0:0:
133,293,47671,2,0,L|140:259,1,33.7500012874604,2|0,2:3|0:0,0:0:0:0:
6,328,47846,5,6,3:2:0:0:
11,340,48020,1,2,3:3:0:0:
16,352,48195,1,2,3:3:0:0:
75,378,48282,1,0,3:3:0:0:
141,375,48369,1,2,3:3:0:0:
195,338,48456,1,0,3:3:0:0:
223,278,48543,1,6,3:2:0:0:
218,266,48717,1,2,3:3:0:0:
213,254,48893,1,2,3:3:0:0:
241,194,48980,1,0,3:3:0:0:
295,157,49067,1,2,3:3:0:0:
361,154,49154,1,0,3:3:0:0:
420,180,49241,1,6,3:2:0:0:
355,183,49328,1,0,3:3:0:0:
295,157,49415,1,2,3:3:0:0:
256,102,49502,1,0,3:3:0:0:
252,36,49590,2,0,L|254:22,6,13.4999995880127,6|0|0|0|2|0|0,3:2|3:3|3:3|3:3|3:3|3:3|3:3,0:0:0:0:
169,71,49939,6,0,L|171:57,1,13.4999995880127,0|0,3:3|0:0,0:0:0:0:
340,23,50113,2,0,L|337:36,1,13.4999995880127
256,192,50288,5,2,2:2:0:0:
256,192,50636,6,0,L|246:147,1,45,12|0,3:2|0:0,0:0:0:0:
274,69,51160,2,0,L|272:77,1,9,0|0,1:1|0:0,0:0:0:0:
216,334,51334,6,0,B|178:293|196:242|261:231|264:235|266:239|331:237|355:177|321:142,2,270,4|12|12,3:2|2:2|2:2,0:0:0:0:
216,334,52206,5,8,2:2:0:0:
197,257,52293,1,8,2:2:0:0:
117,250,52381,1,12,3:2:0:0:
86,378,52555,1,0,1:1:0:0:
385,234,52729,2,0,L|375:278,1,45,0|0,1:1|0:0,0:0:0:0:
263,45,52904,5,8,2:2:0:0:
192,18,52991,1,8,2:2:0:0:
144,78,53078,2,0,L|153:122,1,45,8|0,3:2|0:0,0:0:0:0:
153,122,53427,6,0,P|119:115|86:107,1,67.5000025749208,6|0,3:2|0:0,0:0:0:0:
57,198,53602,2,0,P|103:206|145:216,1,90,2|0,2:2|0:0,0:0:0:0:
402,136,53775,5,10,3:2:0:0:
405,120,53863,1,2,2:2:0:0:
329,104,53950,1,2,2:2:0:0:
326,120,54038,1,2,2:2:0:0:
241,141,54125,6,0,P|251:97|259:52,1,90,2|0,3:2|0:0,0:0:0:0:
492,92,54299,2,0,P|481:135|473:180,1,90,2|0,2:2|0:0,0:0:0:0:
153,122,54474,2,0,P|163:78|171:33,1,90,10|0,3:2|0:0,0:0:0:0:
384,234,54648,1,2,2:2:0:0:
186,337,54822,5,2,3:2:0:0:
230,265,54910,1,2,2:2:0:0:
313,284,54997,2,0,P|302:327|294:372,1,90,2|0,2:2|0:0,0:0:0:0:
70,363,55171,2,0,P|47:357|25:353,1,45,10|0,3:2|0:0,0:0:0:0:
57,191,55346,2,0,P|80:195|102:201,1,45,2|0,2:2|0:0,0:0:0:0:
86,282,55520,2,0,P|63:276|41:272,1,45,2|0,3:2|0:0,0:0:0:0:
385,234,55695,6,0,B|388:220|409:219|411:224|430:224|441:216|442:192|418:183|400:197|400:197|401:174|380:166|360:172|358:194|370:210|369:200|380:209|385:221,1,180,2|0,2:2|0:0,0:0:0:0:
174,157,55869,6,0,B|165:118|123:108|129:123|75:158|10:91|46:3|105:14|137:40|137:40|152:-6|211:-13|235:49|204:69,1,405.000015449525,10|0,3:2|0:0,0:0:0:0:
256,201,56218,5,2,3:2:0:0:
255,210,56305,1,2,2:2:0:0:
251,218,56392,2,0,P|226:241|195:253,1,67.5000025749208,2|0,2:2|0:0,0:0:0:0:
26,353,56567,2,0,L|16:308,1,45,10|0,3:2|0:0,0:0:0:0:
105,256,56741,2,0,L|114:300,1,45,2|0,2:2|0:0,0:0:0:0:
347,380,56915,6,0,P|411:366|479:351,1,135,2|0,3:2|0:0,0:0:0:0:
484,339,57090,2,0,L|439:348,1,45,2|0,2:2|0:0,0:0:0:0:
323,249,57264,6,0,P|387:235|455:220,1,135,10|0,3:2|0:0,0:0:0:0:
460,209,57439,2,0,L|415:218,1,45,2|0,2:2|0:0,0:0:0:0:
205,68,57613,5,10,3:2:0:0:
256,1,57701,1,10,2:2:0:0:
336,28,57788,2,0,P|330:49|326:72,1,45,10|0,2:2|0:0,0:0:0:0:
78,171,57962,2,0,P|38:168|11:141,1,80.9999975280763,10|0,3:2|0:0,0:0:0:0:
56,29,58136,2,0,P|95:31|123:59,1,80.9999975280763,10|8,2:2|2:2,0:0:0:0:
412,127,58311,5,6,3:3:0:0:
421,124,58398,1,4,2:3:0:0:
431,122,58485,1,4,2:3:0:0:
441,120,58572,1,4,2:3:0:0:
451,118,58659,1,0,3:3:0:0:
402,59,58747,1,0,3:2:0:0:
326,71,58834,2,0,P|332:92|336:115,1,45,10|8,2:2|2:2,0:0:0:0:
384,287,59009,5,2,3:2:0:0:
385,281,59096,1,0,3:3:0:0:
386,276,59183,1,2,3:2:0:0:
388,271,59270,1,0,3:3:0:0:
352,260,59357,5,6,3:2:0:0:
349,276,59445,1,2,2:2:0:0:
425,292,59532,1,2,2:2:0:0:
428,276,59620,1,2,2:2:0:0:
451,198,59706,6,0,P|406:189|362:179,1,90,2|0,3:2|0:0,0:0:0:0:
324,356,59881,2,0,P|369:365|412:374,1,90,2|0,2:2|0:0,0:0:0:0:
283,202,60055,2,0,P|274:247|264:290,1,90,10|0,3:2|0:0,0:0:0:0:
494,347,60229,2,0,P|503:302|512:258,1,90,2|0,2:2|0:0,0:0:0:0:
316,2,60404,5,2,3:2:0:0:
253,58,60492,1,2,2:2:0:0:
304,125,60578,2,0,P|347:114|391:106,1,90,2|0,2:2|0:0,0:0:0:0:
79,67,60753,2,0,P|84:89|89:112,1,45,10|0,3:2|0:0,0:0:0:0:
168,95,60927,2,0,P|163:72|158:50,1,45,2|0,2:2|0:0,0:0:0:0:
0,84,61102,2,0,P|4:105|9:128,1,45,2|0,3:2|0:0,0:0:0:0:
76,285,61276,6,0,B|73:271|52:270|50:275|31:275|20:267|19:243|43:234|61:248|61:248|60:225|81:217|101:223|103:245|91:261|92:251|81:260|76:272,1,180,2|0,2:2|0:0,0:0:0:0:
335,213,61450,6,0,B|344:174|386:164|380:179|434:214|499:147|463:59|404:70|372:96|372:96|357:50|298:43|274:105|305:125,1,405.000015449525,10|0,3:2|0:0,0:0:0:0:
380,281,61799,6,0,P|447:295|512:309,1,135,6|0,3:2|0:0,0:0:0:0:
508,384,61974,2,0,P|485:379|463:374,1,45,2|0,2:2|0:0,0:0:0:0:
272,323,62148,6,0,P|257:257|244:191,1,135,10|0,3:2|0:0,0:0:0:0:
164,195,62322,2,0,P|168:216|173:239,1,45,2|0,2:2|0:0,0:0:0:0:
388,362,62497,2,0,P|365:357|343:352,1,45,6|0,3:2|0:0,0:0:0:0:
76,285,62671,1,2,2:2:0:0:
100,370,62759,1,2,2:2:0:0:
199,362,62846,2,0,P|194:339|189:317,1,45,10|0,3:2|0:0,0:0:0:0:
303,124,63020,1,2,3:2:0:0:
303,124,63368,5,10,2:2:0:0:
354,191,63456,1,10,2:2:0:0:
434,163,63543,2,0,L|389:153,1,45,14|0,3:2|0:0,0:0:0:0:
293,16,63718,2,0,L|262:49,1,45,2|0,2:2|0:0,0:0:0:0:
95,64,63892,2,0,L|108:106,1,45,2|0,3:2|0:0,0:0:0:0:
0,18,64067,1,2,3:2:0:0:
0,18,64241,1,2,3:2:0:0:
198,131,64415,5,0,3:3:0:0:
172,203,64503,1,0,3:3:0:0:
145,274,64590,2,0,L|132:232,1,45,6|0,3:2|0:0,0:0:0:0:
293,16,64764,5,10,2:2:0:0:
375,0,64852,1,8,2:2:0:0:
416,74,64939,2,0,P|406:117|397:162,1,90,10|0,3:2|0:0,0:0:0:0:
503,304,65113,2,0,P|460:316|417:331,1,90,10|0,2:2|0:0,0:0:0:0:
89,332,65288,5,10,3:2:0:0:
16,294,65375,1,10,2:2:0:0:
28,214,65462,1,10,2:2:0:0:
109,201,65549,1,2,2:2:0:0:
145,274,65636,2,0,P|101:264|56:255,1,90,6|0,3:2|0:0,0:0:0:0:
397,161,65811,6,0,L|423:155,1,26.9999991760254,6|0,3:2|0:0,0:0:0:0:
335,233,66160,5,2,3:2:0:0:
283,166,66248,1,2,3:2:0:0:
329,97,66335,2,0,P|371:86|416:73,1,90,6|0,3:2|0:0,0:0:0:0:
503,304,66509,2,0,P|460:316|417:331,1,90,2|0,2:2|0:0,0:0:0:0:
56,255,66683,2,0,P|80:218|124:202,1,90,2|0,3:2|0:0,0:0:0:0:
175,46,66857,2,0,P|217:58|242:94,1,90,2|0,2:2|0:0,0:0:0:0:
350,365,67032,2,0,B|312:398|256:382|228:334|234:332|238:331|213:279|159:261|123:297,1,270,10|0,3:2|0:0,0:0:0:0:
56,337,67381,5,2,1:2:0:0:
135,376,67468,1,2,1:2:0:0:
203,325,67555,2,0,P|196:295|188:258,1,67.5000025749208,2|0,1:2|0:0,0:0:0:0:
286,168,67729,2,0,P|292:201|300:234,1,67.5000025749208,10|0,3:2|0:0,0:0:0:0:
512,61,67904,1,2,1:2:0:0:
435,15,67991,1,0,1:1:0:0:
371,78,68078,2,0,P|377:107|385:144,1,67.5000025749208,2|0,3:2|0:0,0:0:0:0:
9,48,68253,6,0,P|4:25|0:3,1,45,2|0,1:2|1:1,0:0:0:0:
104,44,68427,2,0,P|99:21|94:0,1,45,2|0,3:2|0:0,0:0:0:0:
0,240,68602,1,6,3:2:0:0:
0,240,68950,5,10,2:2:0:0:
38,166,69038,1,10,2:2:0:0:
119,172,69125,2,0,P|108:210|102:250,1,80.9999975280763,10|0,3:2|0:0,0:0:0:0:
59,380,69299,2,0,P|20:375|0:342,1,80.9999975280763,10|0,2:2|0:0,0:0:0:0:
213,190,69474,2,0,P|202:228|196:268,1,80.9999975280763,6|0,3:2|0:0,0:0:0:0:
419,384,69648,5,10,2:2:0:0:
388,306,69736,1,8,2:2:0:0:
307,303,69822,2,0,L|316:347,1,45,2|0,3:2|0:0,0:0:0:0:
496,266,69997,5,8,2:2:0:0:
465,188,70085,1,8,2:2:0:0:
384,185,70171,2,0,L|393:229,1,45,6|0,3:2|0:0,0:0:0:0:
272,55,70346,5,10,2:2:0:0:
356,36,70433,1,8,2:2:0:0:
445,24,70520,2,0,P|434:68|426:112,1,90,10|0,3:2|0:0,0:0:0:0:
231,278,70695,2,0,P|222:233|212:189,1,90,10|0,2:2|0:0,0:0:0:0:
11,102,70869,5,10,3:2:0:0:
84,140,70956,1,10,2:2:0:0:
140,82,71043,1,10,2:2:0:0:
104,9,71131,1,8,0:0:0:0:
23,22,71218,2,0,P|69:31|111:40,1,90,6|0,3:2|0:0,0:0:0:0:
426,111,71392,6,0,L|452:116,1,26.9999991760254,6|0,3:2|0:0,0:0:0:0:
498,43,71741,5,2,3:2:0:0:
414,24,71828,1,2,3:2:0:0:
325,12,71915,2,0,P|336:56|344:100,1,90,6|0,3:2|0:0,0:0:0:0:
490,297,72090,2,0,P|501:253|509:209,1,90,2|0,2:2|0:0,0:0:0:0:
238,70,72264,2,0,P|195:72|175:111,1,90,2|0,3:2|0:0,0:0:0:0:
18,187,72439,2,0,P|7:228|37:259,1,90,2|0,2:2|0:0,0:0:0:0:
243,357,72613,2,0,B|323:305|319:191|191:174|180:256|213:285,1,270,10|0,3:2|0:0,0:0:0:0:
351,352,72962,5,2,1:2:0:0:
441,371,73049,1,2,1:2:0:0:
490,297,73136,2,0,P|496:264|504:230,1,67.5000025749208,2|0,1:2|0:0,0:0:0:0:
380,134,73311,2,0,P|374:166|365:200,1,67.5000025749208,10|0,3:2|0:0,0:0:0:0:
117,55,73485,1,2,1:2:0:0:
179,0,73572,1,0,1:1:0:0:
255,36,73660,2,0,P|249:68|240:102,1,67.5000025749208,2|0,3:2|0:0,0:0:0:0:
44,241,73834,6,0,P|22:236|0:231,1,45,2|0,1:2|1:1,0:0:0:0:
62,338,74009,2,0,P|40:333|17:328,1,45,2|0,3:2|0:0,0:0:0:0:
256,192,74183,1,6,3:2:0:0:
256,192,74532,5,10,2:2:0:0:
227,275,74619,1,10,2:2:0:0:
298,326,74706,2,0,P|335:311|374:299,1,80.9999975280763,10|0,3:2|0:0,0:0:0:0:
483,135,74881,2,0,P|444:146|406:161,1,80.9999975280763,10|0,2:2|0:0,0:0:0:0:
198,362,75055,2,0,P|159:345|143:308,1,80.9999975280763,6|0,3:2|0:0,0:0:0:0:
138,0,75229,5,10,2:2:0:0:
167,83,75316,1,8,2:2:0:0:
96,134,75403,2,0,P|58:119|19:107,1,80.9999975280763,2|0,3:2|0:0,0:0:0:0:
298,58,75578,5,8,2:2:0:0:
327,141,75665,1,8,2:2:0:0:
256,192,75752,2,0,P|218:177|179:165,1,80.9999975280763,4|0,3:2|0:0,0:0:0:0:
436,369,76450,6,0,P|473:354|512:342,1,80.9999975280763,4|0,3:2|0:0,0:0:0:0:
22,194,76799,6,0,L|0:189,1,22.5,0|0,1:1|0:0,0:0:0:0:
66,308,76974,6,0,P|103:293|142:281,1,80.9999975280763,6|0,3:2|0:0,0:0:0:0:
498,69,77322,5,10,2:2:0:0:
433,10,77410,1,10,2:2:0:0:
360,55,77497,2,0,P|373:96|385:143,1,80.9999975280763,10|0,3:2|0:0,0:0:0:0:
436,369,77671,2,0,P|475:361|504:334,1,80.9999975280763,10|0,2:2|0:0,0:0:0:0:
448,215,77846,2,0,P|408:222|379:249,1,80.9999975280763,2|0,3:2|0:0,0:0:0:0:
123,262,78020,5,2,3:2:0:0:
200,305,78107,1,0,3:3:0:0:
154,377,78195,2,0,B|119:342|139:281|188:281|192:283|197:287|258:271|262:223|238:194,1,242.999992584229,6|0,3:2|0:0,0:0:0:0:
196,128,78543,5,4,3:2:0:0:
319,184,78718,1,2,2:2:0:0:
323,176,78805,1,2,2:2:0:0:
327,168,78892,1,2,3:2:0:0:
284,88,79067,1,2,2:2:0:0:
156,202,79241,1,2,3:2:0:0:
156,202,79590,1,2,3:3:0:0:
58,36,79764,1,2,2:2:0:0:
0,156,79939,5,2,3:2:0:0:
33,149,80026,1,2,2:2:0:0:
66,142,80113,1,2,2:2:0:0:
153,9,80288,1,2,3:2:0:0:
153,9,80462,1,2,2:2:0:0:
218,108,80636,2,0,P|186:100|151:93,1,67.5000025749208,2|2,3:2|2:3,0:0:0:0:
152,93,80898,1,2,2:3:0:0:
152,93,80985,1,2,3:3:0:0:
257,31,81160,1,2,2:2:0:0:
456,173,81334,6,0,L|463:139,1,33.7500012874604,6|2,3:2|2:2,0:0:0:0:
388,17,81509,1,2,2:2:0:0:
388,17,81596,1,2,2:2:0:0:
388,17,81683,1,2,3:2:0:0:
476,64,81857,1,2,2:2:0:0:
311,127,82032,1,2,3:2:0:0:
307,119,82119,1,2,2:2:0:0:
303,111,82206,1,2,2:2:0:0:
256,192,82381,1,2,3:2:0:0:
476,324,82555,1,10,2:3:0:0:
480,316,82642,1,10,2:3:0:0:
484,308,82729,5,10,3:2:0:0:
446,237,82817,1,8,2:2:0:0:
366,257,82904,2,0,L|373:290,1,33.7500012874604,8|0,2:2|0:0,0:0:0:0:
278,324,83078,2,0,L|241:356,1,45,8|0,2:2|0:0,0:0:0:0:
178,279,83253,2,0,L|109:258,1,67.5000025749208,8|0,2:2|0:0,0:0:0:0:
13,194,83427,5,8,2:2:0:0:
4,145,83514,1,0,1:0:0:0:
41,111,83602,1,8,2:3:0:0:
92,113,83689,1,8,2:3:0:0:
128,155,83776,2,0,P|120:172|108:185,1,33.7500012874604,6|2,2:3|0:3,0:0:0:0:
203,159,83863,2,0,P|213:174|218:191,1,33.7500012874604,6|2,0:3|0:3,0:0:0:0:
243,96,83950,2,0,P|261:94|278:98,1,33.7500012874604,6|2,2:3|0:3,0:0:0:0:
208,29,84038,2,0,P|216:12|228:0,1,33.7500012874604,6|2,0:3|0:3,0:0:0:0:
134,15,84125,6,0,P|146:68|156:120,1,107.999996704102,4|2,3:2|2:3,0:0:0:0:
156,120,84386,1,2,2:3:0:0:
156,120,84474,1,2,3:3:0:0:
309,18,84648,1,2,2:3:0:0:
455,145,84822,2,0,L|410:135,1,45,2|0,3:3|0:0,0:0:0:0:
306,296,84997,1,2,2:3:0:0:
306,296,85171,2,0,L|296:252,1,45,2|0,3:3|0:0,0:0:0:0:
382,213,85346,2,0,L|392:257,1,45,2|2,2:3|2:3,0:0:0:0:
177,384,85520,5,2,3:3:0:0:
209,349,85607,1,0,0:0:0:0:
167,314,85695,1,2,2:3:0:0:
190,278,85782,1,2,2:3:0:0:
166,244,85869,1,2,3:3:0:0:
166,244,86043,1,2,2:3:0:0:
166,244,86218,1,2,3:3:0:0:
166,244,86392,6,0,L|176:288,1,45,2|2,2:2|2:3,0:0:0:0:
373,383,86567,2,0,B|432:393|477:330|477:330|447:320|442:284,1,161.999995056153,6|2,3:2|2:3,0:0:0:0:
504,254,86915,1,6,3:2:0:0:
308,170,87090,1,2,2:3:0:0:
364,300,87264,2,0,L|373:255,1,45,2|0,3:3|0:0,0:0:0:0:
504,161,87439,1,2,2:3:0:0:
504,161,87613,2,0,L|459:170,1,45,2|0,3:3|0:0,0:0:0:0:
397,84,87788,1,2,2:3:0:0:
405,88,87875,1,2,2:3:0:0:
413,92,87962,1,2,3:3:0:0:
213,12,88136,1,10,2:3:0:0:
205,16,88223,1,10,2:3:0:0:
197,20,88310,5,2,1:3:0:0:
241,88,88398,1,0,1:1:0:0:
319,53,88485,1,8,2:2:0:0:
153,98,88660,1,10,3:2:0:0:
281,225,88834,5,0,1:1:0:0:
203,260,88921,1,0,1:1:0:0:
159,192,89009,1,10,3:2:0:0:
123,357,89183,5,0,1:1:0:0:
82,312,89270,1,0,1:1:0:0:
118,268,89358,1,10,3:2:0:0:
18,220,89532,5,8,3:3:0:0:
39,183,89619,1,4,2:3:0:0:
76,197,89707,1,0,0:0:0:0:
476,364,92148,6,0,B|338:190|338:190|488:362,1,405.000015449525,12|0,3:2|0:0,0:0:0:0:
458,327,92497,6,0,P|476:314|485:294,1,45,6|0,3:2|0:0,0:0:0:0:
391,129,92671,1,2,2:3:0:0:
512,197,92846,2,0,L|467:206,1,45,2|0,3:3|0:0,0:0:0:0:
512,104,93020,1,2,2:3:0:0:
512,104,93195,2,0,L|467:113,1,45,2|0,3:3|0:0,0:0:0:0:
347,36,93369,1,2,2:3:0:0:
355,39,93456,1,2,2:3:0:0:
363,42,93543,1,2,3:3:0:0:
179,104,93718,1,10,2:3:0:0:
171,107,93805,1,10,2:3:0:0:
163,110,93892,5,6,1:2:0:0:
187,33,93979,1,0,1:1:0:0:
265,43,94067,1,8,2:2:0:0:
132,191,94241,1,10,3:2:0:0:
319,248,94415,5,0,1:1:0:0:
295,171,94502,1,0,1:1:0:0:
217,181,94590,1,10,3:2:0:0:
289,329,94764,5,0,1:1:0:0:
367,346,94851,1,0,1:1:0:0:
398,274,94939,1,10,3:2:0:0:
233,262,95113,5,0,1:1:0:0:
180,321,95200,1,0,1:1:0:0:
226,384,95288,5,6,3:2:0:0:
167,322,95462,1,2,2:2:0:0:
188,229,95636,1,2,2:2:0:0:
272,173,95811,1,2,2:2:0:0:
314,94,95985,1,2,2:2:0:0:
322,95,96160,1,2,2:2:0:0:
274,26,96334,1,2,2:2:0:0:
283,22,96509,1,2,2:2:0:0:
195,27,96683,5,2,2:2:0:0:
366,27,96857,1,2,2:2:0:0:
418,189,97032,1,2,2:2:0:0:
279,288,97206,1,2,2:2:0:0:
141,186,97381,1,2,3:2:0:0:
202,167,97468,1,0,3:3:0:0:
248,210,97555,2,0,L|238:254,1,45,8|0,3:2|0:0,0:0:0:0:
13,146,97729,6,0,L|21:185,1,40.4999987640381,8|0,2:2|0:0,0:0:0:0:
63,250,98078,5,12,3:2:0:0:
52,286,98165,1,8,2:2:0:0:
21,261,98253,1,8,2:2:0:0:
96,105,98427,1,8,3:2:0:0:
280,264,98602,5,8,2:2:0:0:
249,289,98690,1,8,2:2:0:0:
238,253,98777,1,8,3:2:0:0:
287,91,98950,6,0,P|263:102|259:124,1,45,2|0,2:2|0:0,0:0:0:0:
259,123,99125,2,0,B|242:91|204:95|217:100|164:136|114:37|206:5|231:34|231:34|249:-1|287:14|288:43,1,270,2|4,2:2|2:3,0:0:0:0:
367,75,99474,5,12,3:2:0:0:
398,100,99562,1,8,2:2:0:0:
409,64,99649,1,8,2:2:0:0:
322,184,99822,1,8,3:2:0:0:
488,239,99997,5,8,2:2:0:0:
457,264,100085,1,8,2:2:0:0:
446,228,100172,1,8,3:2:0:0:
509,364,100346,1,2,3:2:0:0:
260,299,100520,5,2,1:2:0:0:
290,335,100608,1,0,1:1:0:0:
298,289,100695,1,0,1:1:0:0:
290,335,100782,1,0,1:1:0:0:
260,299,100869,5,12,3:2:0:0:
212,267,100956,1,8,2:2:0:0:
151,257,101043,1,8,2:2:0:0:
419,129,101218,1,8,3:2:0:0:
87,202,101393,1,8,2:2:0:0:
96,116,101480,1,8,2:2:0:0:
173,78,101567,1,12,3:2:0:0:
243,117,101654,1,8,2:2:0:0:
290,51,101741,1,8,2:2:0:0:
151,257,101915,1,8,3:2:0:0:
419,129,102090,1,8,2:3:0:0:
419,129,102177,1,8,2:3:0:0:
419,129,102264,5,12,3:2:0:0:
376,54,102352,1,8,2:2:0:0:
290,51,102439,1,8,2:2:0:0:
384,205,102613,1,12,3:2:0:0:
290,335,102788,5,8,2:2:0:0:
260,299,102875,1,8,2:2:0:0:
211,265,102962,1,14,3:2:0:0:
151,257,103049,1,2,1:2:0:0:
87,202,103136,1,2,1:2:0:0:
96,116,103223,1,2,1:2:0:0:
173,78,103310,1,14,3:2:0:0:
243,117,103397,1,10,2:2:0:0:
290,51,103484,1,10,2:2:0:0:
376,54,103572,1,10,2:2:0:0:
22,370,104706,5,2,2:2:0:0:
22,370,105055,6,0,L|31:325,1,45,12|0,3:2|0:0,0:0:0:0:
18,241,105578,2,0,L|19:249,1,9,0|0,1:1|0:0,0:0:0:0:
159,353,105753,6,0,B|190:386|246:373|271:321|265:318|261:316|278:254|329:232|374:266,2,270,4|12|12,3:2|2:2|2:2,0:0:0:0:
159,353,106625,5,8,2:2:0:0:
216,293,106712,1,8,2:2:0:0:
300,316,106799,2,0,L|290:360,1,45,12|0,3:2|0:0,0:0:0:0:
388,384,106974,2,0,L|397:339,1,45,0|0,1:1|0:0,0:0:0:0:
367,122,107148,5,0,1:1:0:0:
367,203,107235,1,0,1:0:0:0:
445,229,107323,1,8,2:2:0:0:
492,163,107410,1,8,2:2:0:0:
445,97,107497,2,0,L|400:106,1,45,8|0,3:2|0:0,0:0:0:0:
400,105,107846,6,0,P|405:76|414:38,1,67.5000025749208,6|0,3:2|0:0,0:0:0:0:
297,0,108020,2,0,P|287:44|278:88,1,90,2|0,2:2|0:0,0:0:0:0:
89,238,108195,5,10,3:2:0:0:
71,234,108282,1,2,2:2:0:0:
169,172,108369,1,2,2:2:0:0:
187,168,108456,1,2,2:2:0:0:
95,102,108543,6,0,P|51:92|7:83,1,90,2|0,3:2|0:0,0:0:0:0:
168,299,108718,2,0,P|212:289|255:280,1,90,2|0,2:2|0:0,0:0:0:0:
113,18,108892,2,0,P|69:8|25:-1,1,90,10|0,3:2|0:0,0:0:0:0:
303,195,109067,1,2,2:2:0:0:
90,364,109241,5,2,3:2:0:0:
31,305,109328,1,2,2:2:0:0:
71,234,109415,2,0,P|115:224|158:215,1,90,2|0,2:2|0:0,0:0:0:0:
397,76,109590,2,0,P|401:54|406:31,1,45,10|0,3:2|0:0,0:0:0:0:
319,14,109764,2,0,P|313:35|309:58,1,45,2|0,2:2|0:0,0:0:0:0:
484,93,109939,2,0,P|488:70|493:48,1,45,2|0,3:2|0:0,0:0:0:0:
161,126,110113,6,0,B|158:112|137:111|135:116|116:116|105:108|104:84|128:75|146:89|146:89|145:66|166:58|186:64|188:86|176:102|177:92|166:101|161:113,1,180,2|0,2:2|0:0,0:0:0:0:
334,283,110287,6,0,B|343:244|385:234|379:249|433:284|498:217|462:129|403:140|371:166|371:166|356:120|297:113|273:175|304:195,1,405.000015449525,10|0,3:2|0:0,0:0:0:0:
407,339,110636,2,0,P|443:348|483:360,1,67.5000025749208,2|2,3:2|2:2,0:0:0:0:
242,260,110811,1,2,2:2:0:0:
262,341,110898,1,0,0:0:0:0:
180,378,110985,2,0,P|172:344|165:312,1,67.5000025749208,10|0,3:2|0:0,0:0:0:0:
53,293,111160,2,0,P|60:326|67:358,1,67.5000025749208,2|0,2:2|0:0,0:0:0:0:
161,126,111334,5,2,3:2:0:0:
105,73,111421,1,0,0:0:0:0:
31,94,111509,1,2,2:2:0:0:
35,106,111596,1,0,0:0:0:0:
39,118,111683,1,10,3:2:0:0:
112,96,111769,1,0,0:0:0:0:
131,21,111857,2,0,P|97:27|64:35,1,67.5000025749208,2|0,2:2|0:0,0:0:0:0:
302,194,112032,5,10,3:2:0:0:
383,218,112119,1,10,2:2:0:0:
443,159,112206,2,0,P|438:139|433:114,1,45,10|0,2:2|0:0,0:0:0:0:
155,195,112381,2,0,P|182:224|221:228,1,80.9999975280763,10|0,3:2|0:0,0:0:0:0:
272,109,112555,2,0,P|244:79|205:75,1,80.9999975280763,10|8,2:2|2:2,0:0:0:0:
2,210,112729,5,6,3:3:0:0:
4,220,112816,1,4,2:3:0:0:
6,230,112903,1,4,2:3:0:0:
8,240,112990,1,4,2:3:0:0:
11,249,113077,1,0,3:3:0:0:
73,194,113165,1,0,0:0:0:0:
39,118,113253,2,0,L|83:127,1,45,10|8,2:2|2:2,0:0:0:0:
349,218,113427,5,2,3:2:0:0:
355,217,113514,1,0,3:3:0:0:
361,216,113602,1,2,3:2:0:0:
367,215,113689,1,0,3:3:0:0:
415,153,113776,5,6,3:2:0:0:
419,140,113863,1,2,2:2:0:0:
292,271,113950,1,2,2:2:0:0:
296,284,114037,1,2,2:2:0:0:
228,354,114125,6,0,P|217:311|205:266,1,90,2|0,3:2|0:0,0:0:0:0:
509,122,114299,2,0,P|497:165|486:209,1,90,2|0,2:2|0:0,0:0:0:0:
237,115,114474,2,0,P|280:126|324:137,1,90,10|0,3:2|0:0,0:0:0:0:
470,365,114648,2,0,P|426:353|382:342,1,90,2|0,2:2|0:0,0:0:0:0:
0,314,114822,5,2,3:2:0:0:
49,253,114910,1,2,2:2:0:0:
125,285,114997,2,0,P|136:328|147:372,1,90,2|0,2:2|0:0,0:0:0:0:
346,235,115171,2,0,L|301:225,1,45,10|0,3:2|0:0,0:0:0:0:
324,137,115346,2,0,L|368:146,1,45,2|0,2:2|0:0,0:0:0:0:
323,323,115520,2,0,L|278:313,1,45,2|0,3:2|0:0,0:0:0:0:
50,172,115695,6,0,B|47:158|26:157|24:162|5:162|-6:154|-7:130|17:121|35:135|35:135|34:112|55:104|75:110|77:132|65:148|66:138|55:147|50:159,1,180,2|0,2:2|0:0,0:0:0:0:
324,137,115869,6,0,B|333:98|375:88|369:103|423:138|488:71|452:-17|393:-6|361:20|361:20|346:-26|287:-33|263:29|294:49,1,405.000015449525,10|0,3:2|0:0,0:0:0:0:
397,188,116218,2,0,P|442:237|508:243,1,135,6|0,3:2|0:0,0:0:0:0:
512,327,116392,2,0,P|489:330|467:326,1,45,2|0,2:2|0:0,0:0:0:0:
201,365,116567,6,0,P|245:316|311:310,1,135,10|0,3:2|0:0,0:0:0:0:
315,226,116741,2,0,P|292:222|270:226,1,45,2|0,2:2|0:0,0:0:0:0:
118,327,116915,2,0,P|95:330|73:326,1,45,6|0,3:2|0:0,0:0:0:0:
0,145,117090,1,2,2:2:0:0:
52,72,117177,1,2,2:2:0:0:
143,93,117264,2,0,L|133:137,1,45,10|0,3:2|0:0,0:0:0:0:
392,68,117439,1,2,3:2:0:0:
392,68,117788,5,10,2:2:0:0:
340,141,117875,1,10,2:2:0:0:
249,120,117962,2,0,L|258:75,1,45,14|0,3:2|0:0,0:0:0:0:
442,177,118136,2,0,L|433:222,1,45,2|0,2:2|0:0,0:0:0:0:
250,318,118311,2,0,L|259:273,1,45,2|0,3:2|0:0,0:0:0:0:
470,364,118485,1,2,3:2:0:0:
470,364,118661,5,2,3:2:0:0:
415,353,118748,1,0,3:0:0:0:
360,341,118835,1,0,3:3:0:0:
305,329,118922,1,0,3:3:0:0:
250,318,119009,5,6,3:2:0:0:
104,241,119183,1,2,2:2:0:0:
226,278,119357,1,2,3:2:0:0:
41,185,119532,1,2,2:2:0:0:
51,101,119706,1,2,3:3:0:0:
178,250,119881,1,10,2:1:0:0:
126,63,120056,1,10,3:1:0:0:
206,82,120230,1,2,2:2:0:0:
250,318,120405,5,2,3:2:0:0:
358,193,120579,1,2,2:2:0:0:
257,271,120753,1,2,3:2:0:0:
396,118,120928,1,2,2:2:0:0:
357,43,121102,1,2,3:3:0:0:
292,228,121277,1,10,2:1:0:0:
274,35,121451,1,10,3:1:0:0:
205,81,121625,1,2,2:2:0:0:
250,318,121799,5,2,3:2:0:0:
104,241,121973,1,2,2:2:0:0:
226,278,122147,1,2,3:2:0:0:
41,185,122322,1,2,2:2:0:0:
51,101,122496,1,2,3:3:0:0:
178,250,122671,1,10,2:1:0:0:
126,63,122846,1,10,3:1:0:0:
206,82,123020,1,2,2:2:0:0:
250,318,123195,5,2,3:2:0:0:
358,193,123369,1,2,2:2:0:0:
257,271,123543,1,2,3:2:0:0:
396,118,123718,1,2,2:2:0:0:
357,43,123892,1,2,3:3:0:0:
292,228,124067,1,10,2:1:0:0:
274,35,124241,1,10,3:1:0:0:
205,81,124415,1,2,2:2:0:0:
274,35,124590,5,6,3:2:0:0:
126,63,124764,1,2,2:2:0:0:
51,101,124939,1,2,3:2:0:0:
357,43,125113,1,2,2:2:0:0:
396,118,125288,1,2,3:3:0:0:
41,185,125462,1,10,2:1:0:0:
104,241,125636,1,10,3:1:0:0:
358,193,125811,1,2,2:2:0:0:
178,250,125985,5,2,3:2:0:0:
292,228,126160,1,2,2:2:0:0:
226,278,126334,1,2,3:2:0:0:
257,271,126509,1,2,2:2:0:0:
250,318,126683,1,2,3:3:0:0:
205,81,126857,1,10,2:1:0:0:
205,81,127032,1,10,3:1:0:0:
274,35,127206,5,2,2:2:0:0:
396,118,127381,1,2,3:2:0:0:
357,43,127555,1,2,2:2:0:0:
358,193,127730,1,2,3:2:0:0:
126,63,127904,1,2,2:2:0:0:
41,185,128079,1,2,3:3:0:0:
51,101,128253,1,10,2:1:0:0:
104,241,128427,1,10,3:1:0:0:
205,81,128776,5,4,3:2:0:0:
205,81,129474,6,0,L|218:142,1,45,8|0,2:2|0:0,0:0:0:0:
250,318,129648,1,0,1:1:0:0:
236,307,129735,1,0,1:1:0:0:
255,302,129822,1,2,1:2:0:0:
217,293,129910,1,0,1:1:0:0:
265,281,129997,1,0,1:1:0:0:
198,280,130084,1,0,1:1:0:0:
274,260,130171,1,6,3:2:0:0:
47,33,130346,5,2,2:2:0:0:
47,33,130433,1,2,1:2:0:0:
67,125,130520,2,0,L|81:191,1,67.5000025749208,2|0,3:2|0:0,0:0:0:0:
0,178,130695,1,10,2:2:0:0:
0,178,130782,1,2,2:2:0:0:
148,139,130869,2,0,L|214:124,1,67.5000025749208,10|0,3:2|1:1,0:0:0:0:
159,55,131043,1,2,2:2:0:0:
159,55,131131,1,2,1:2:0:0:
183,213,131218,2,0,L|197:279,1,67.5000025749208,2|0,3:2|0:0,0:0:0:0:
116,269,131392,1,10,2:2:0:0:
116,269,131479,1,2,2:2:0:0:
264,230,131566,2,0,L|330:215,1,67.5000025749208,2|0,3:2|0:0,0:0:0:0:
279,145,131741,1,2,2:2:0:0:
279,145,131829,1,2,1:2:0:0:
303,303,131916,2,0,L|317:369,1,67.5000025749208,2|0,3:2|0:0,0:0:0:0:
236,359,132090,1,10,2:2:0:0:
236,359,132177,1,0,0:0:0:0:
384,320,132264,2,0,L|450:305,2,67.5000025749208,2|2|0,3:2|1:2|0:0,0:0:0:0:
506,368,132526,1,2,1:2:0:0:
413,233,132613,2,0,L|398:166,1,67.5000025749208,2|0,3:2|0:0,0:0:0:0:
486,149,132788,2,0,L|500:215,1,67.5000025749208,10|0,2:2|0:0,0:0:0:0:
402,7,132962,5,6,3:2:0:0:
413,4,133049,1,2,2:2:0:0:
424,2,133136,1,2,2:2:0:0:
436,0,133223,1,2,1:2:0:0:
472,70,133311,2,0,L|405:84,1,67.5000025749208,2|0,3:2|0:0,0:0:0:0:
490,153,133485,1,10,2:2:0:0:
490,153,133572,1,2,2:2:0:0:
316,122,133660,2,0,L|330:55,1,67.5000025749208,10|0,3:2|1:1,0:0:0:0:
410,88,133834,1,2,2:2:0:0:
410,88,133921,1,2,1:2:0:0:
231,114,134009,2,0,L|164:128,1,67.5000025749208,2|0,3:2|0:0,0:0:0:0:
249,197,134182,1,10,2:2:0:0:
249,197,134269,1,2,2:2:0:0:
75,166,134357,2,0,L|89:99,1,67.5000025749208,2|0,3:2|0:0,0:0:0:0:
2,118,134532,1,2,2:2:0:0:
2,118,134619,1,2,1:2:0:0:
182,211,134706,2,0,L|249:197,1,67.5000025749208,2|0,3:2|0:0,0:0:0:0:
330,55,134881,2,0,L|316:122,1,67.5000025749208,10|2,2:2|2:2,0:0:0:0:
101,245,135055,1,2,3:2:0:0:
195,297,135142,2,0,L|262:283,1,67.5000025749208,2|0,1:2|0:0,0:0:0:0:
115,328,135317,1,2,1:2:0:0:
207,381,135404,2,0,L|270:367,6,33.7500012874604,2|2|2|2|10|2|2,3:3|2:3|2:3|2:3|2:2|2:3|2:3,0:0:0:0:
14,363,135753,6,0,L|-1:296,1,67.5000025749208,6|0,3:2|0:0,0:0:0:0:
182,311,135927,1,2,2:2:0:0:
182,311,136014,1,2,1:2:0:0:
98,337,136102,2,0,L|83:270,1,67.5000025749208,2|0,3:2|0:0,0:0:0:0:
266,285,136276,1,10,2:2:0:0:
266,285,136363,1,2,2:2:0:0:
182,311,136450,2,0,L|167:244,1,67.5000025749208,10|0,3:2|1:1,0:0:0:0:
350,259,136625,1,2,2:2:0:0:
350,259,136712,1,2,1:2:0:0:
266,285,136800,2,0,L|251:218,1,67.5000025749208,2|0,3:2|0:0,0:0:0:0:
428,234,136974,1,10,2:2:0:0:
428,234,137061,1,2,2:2:0:0:
350,259,137148,2,0,L|335:192,1,67.5000025749208,2|0,3:2|0:0,0:0:0:0:
512,208,137323,1,2,2:2:0:0:
512,208,137410,1,2,1:2:0:0:
428,234,137497,2,0,L|413:167,1,67.5000025749208,2|0,3:2|0:0,0:0:0:0:
497,142,137671,2,0,L|512:209,1,67.5000025749208,10|2,2:2|2:2,0:0:0:0:
286,119,137846,1,2,3:2:0:0:
363,100,137933,2,0,L|430:85,1,67.5000025749208,2|0,1:2|0:0,0:0:0:0:
381,17,138107,1,2,1:2:0:0:
413,168,138195,2,0,L|428:234,1,67.5000025749208,2|0,3:2|0:0,0:0:0:0:
182,311,138369,2,0,L|167:244,1,67.5000025749208,10|0,2:2|0:0,0:0:0:0:
134,77,138543,5,6,3:2:0:0:
64,51,138631,1,2,2:2:0:0:
6,98,138718,1,2,2:2:0:0:
76,124,138805,1,2,1:2:0:0:
154,74,138892,2,0,L|139:7,1,67.5000025749208,2|0,3:2|0:0,0:0:0:0:
2,263,139067,5,10,2:2:0:0:
18,277,139154,1,2,2:2:0:0:
46,287,139241,1,10,1:2:0:0:
81,289,139328,1,0,1:1:0:0:
118,284,139415,1,2,1:2:0:0:
156,270,139503,1,2,1:2:0:0:
201,246,139590,1,2,1:2:0:0:
243,201,139677,1,0,1:1:0:0:
276,142,139764,1,10,2:2:0:0:
291,77,139852,1,10,2:2:0:0:
277,5,139939,6,0,P|253:29|242:60,1,67.5000025749208,6|0,3:2|0:0,0:0:0:0:
462,264,140113,1,0,0:0:0:0:
462,264,140200,1,0,1:1:0:0:
471,177,140288,6,0,P|438:184|408:198,1,67.5000025749208,4|0,3:2|0:0,0:0:0:0:
378,109,140462,2,0,P|411:102|442:89,1,67.5000025749208,0|0,1:1|0:0,0:0:0:0:
154,74,140636,6,0,P|161:107|168:140,1,67.5000025749208,4|0,3:2|0:0,0:0:0:0:
42,46,140811,2,0,L|37:23,2,22.5,2|2|2,2:3|2:3|2:3,0:0:0:0:
75,136,140985,5,4,3:2:0:0:
64,134,141072,1,0,1:0:0:0:
53,132,141159,1,0,1:1:0:0:
42,129,141246,1,0,1:1:0:0:
31,127,141333,1,4,3:2:0:0:
83,238,141509,1,2,2:3:0:0:
0,210,141683,1,0,3:3:0:0:
140,303,141857,1,2,2:3:0:0:
147,296,141945,1,0,0:0:0:0:
154,289,142032,1,0,3:3:0:0:
66,318,142206,1,2,2:3:0:0:
88,377,142293,1,0,0:0:0:0:
153,379,142381,1,0,3:3:0:0:
269,258,142555,2,0,L|254:191,1,67.5000025749208,2|0,2:3|3:3,0:0:0:0:
504,9,142904,5,2,2:3:0:0:
413,56,143078,1,0,3:3:0:0:
409,45,143165,1,0,0:0:0:0:
406,34,143253,1,2,2:3:0:0:
486,118,143427,1,0,3:3:0:0:
324,51,143602,1,2,2:3:0:0:
327,62,143690,1,0,0:0:0:0:
331,73,143777,1,0,3:3:0:0:
233,8,143950,1,2,2:3:0:0:
270,150,144125,5,4,3:2:0:0:
70,98,144299,1,2,2:3:0:0:
64,90,144386,1,0,0:0:0:0:
59,82,144474,1,0,3:3:0:0:
94,64,144561,1,0,0:0:0:0:
129,46,144648,1,2,2:3:0:0:
161,69,144735,1,0,0:0:0:0:
193,93,144822,1,4,3:2:0:0:
158,111,144910,1,0,0:0:0:0:
123,129,144997,1,2,2:3:0:0:
91,106,145084,1,0,0:0:0:0:
59,82,145171,6,0,L|55:65,1,16.8750006437302,0|0,3:3|3:3,0:0:0:0:
94,122,145259,2,0,L|90:105,1,16.8750006437302,0|0,3:3|3:3,0:0:0:0:
129,162,145346,2,0,L|125:145,1,16.8750006437302,2|0,3:3|3:3,0:0:0:0:
164,202,145433,2,0,L|160:185,1,16.8750006437302,0|0,3:3|3:3,0:0:0:0:
199,242,145520,6,0,P|163:214|119:211,1,90,6|0,3:2|0:0,0:0:0:0:
81,346,145695,2,0,P|116:373|160:376,1,90,2|0,3:2|0:0,0:0:0:0:
503,179,145869,6,0,P|459:187|427:217,1,90,6|0,3:2|0:0,0:0:0:0:
317,164,146043,2,0,P|302:205|312:248,1,90,2|0,3:2|0:0,0:0:0:0:
473,384,146218,2,0,P|444:350|401:338,1,90,6|0,3:2|0:0,0:0:0:0:
44,250,146392,2,0,P|87:241|119:211,1,90,2|0,3:2|0:0,0:0:0:0:
348,50,146567,6,0,L|342:23,1,26.9999991760254,12|0,3:2|0:0,0:0:0:0:
342,23,146915,6,0,P|374:30|408:37,1,67.5000025749208,6|0,3:2|0:0,0:0:0:0:
404,182,147090,2,0,P|361:172|315:163,1,90,2|0,2:2|0:0,0:0:0:0:
112,102,147264,5,10,3:2:0:0:
198,74,147352,1,2,2:2:0:0:
115,110,147439,1,2,2:2:0:0:
202,83,147527,1,2,2:2:0:0:
120,119,147614,6,0,L|85:32,1,90,2|0,3:2|0:0,0:0:0:0:
173,7,147788,2,0,L|208:94,1,90,2|0,2:2|0:0,0:0:0:0:
33,147,147962,2,0,L|-2:60,1,90,10|0,3:2|0:0,0:0:0:0:
250,208,148136,1,2,2:2:0:0:
24,306,148311,5,2,3:2:0:0:
75,243,148398,1,2,2:2:0:0:
151,269,148485,2,0,P|169:313|186:356,1,90,2|0,2:2|0:0,0:0:0:0:
500,365,148660,2,0,L|510:321,1,45,10|0,3:2|0:0,0:0:0:0:
338,272,148834,2,0,L|329:317,1,45,2|0,2:2|0:0,0:0:0:0:
414,341,149009,2,0,L|424:297,1,45,2|0,3:2|0:0,0:0:0:0:
512,167,149183,6,0,L|423:185,1,90,2|0,2:2|0:0,0:0:0:0:
75,243,149357,6,0,L|48:248,1,27,10|0,3:2|0:0,0:0:0:0:
5,182,149706,5,2,3:2:0:0:
83,162,149793,1,2,2:2:0:0:
149,212,149881,1,2,2:2:0:0:
215,262,149968,1,0,0:0:0:0:
293,242,150055,2,0,L|307:175,1,67.5000025749208,10|0,3:2|0:0,0:0:0:0:
175,64,150229,2,0,L|160:130,1,67.5000025749208,2|0,2:2|0:0,0:0:0:0:
138,294,150404,5,2,3:2:0:0:
204,344,150491,1,0,0:0:0:0:
282,324,150577,1,2,2:2:0:0:
360,304,150665,1,0,0:0:0:0:
379,222,150753,1,10,3:2:0:0:
398,140,150840,1,0,0:0:0:0:
417,58,150927,2,0,L|350:72,1,67.5000025749208,2|0,2:2|0:0,0:0:0:0:
0,81,151102,5,10,3:2:0:0:
80,11,151189,1,10,2:2:0:0:
175,64,151276,2,0,L|160:130,1,67.5000025749208,10|0,2:2|0:0,0:0:0:0:
434,355,151450,2,0,L|448:288,1,67.5000025749208,10|0,3:2|0:0,0:0:0:0:
307,175,151625,2,0,L|292:241,1,67.5000025749208,10|8,2:2|2:2,0:0:0:0:
52,289,151799,5,6,3:3:0:0:
49,280,151886,1,4,2:3:0:0:
47,270,151973,1,4,2:3:0:0:
45,260,152060,1,4,2:3:0:0:
43,250,152147,1,0,3:3:0:0:
0,315,152235,1,0,0:0:0:0:
48,375,152322,2,0,L|114:360,1,67.5000025749208,10|8,2:2|2:2,0:0:0:0:
411,237,152497,5,2,3:2:0:0:
420,234,152584,1,0,3:3:0:0:
430,232,152671,1,2,3:2:0:0:
440,230,152758,1,0,3:3:0:0:
401,187,152846,5,6,3:2:0:0:
383,272,152933,1,2,2:2:0:0:
390,183,153020,1,2,2:2:0:0:
372,268,153107,1,2,2:2:0:0:
379,179,153195,6,0,L|465:203,1,90,2|0,3:2|0:0,0:0:0:0:
447,288,153369,2,0,L|360:263,1,90,2|0,2:2|0:0,0:0:0:0:
397,94,153543,2,0,L|483:118,1,90,10|0,3:2|0:0,0:0:0:0:
428,372,153718,2,0,L|341:347,1,90,2|0,2:2|0:0,0:0:0:0:
43,250,153892,5,2,3:2:0:0:
120,291,153979,1,2,2:2:0:0:
183,232,154067,2,0,P|172:190|164:143,1,90,2|0,2:2|0:0,0:0:0:0:
36,338,154241,2,0,L|45:382,1,45,10|0,3:2|0:0,0:0:0:0:
292,178,154415,2,0,L|282:222,1,45,2|0,2:2|0:0,0:0:0:0:
57,57,154590,2,0,L|67:101,1,45,2|0,3:2|0:0,0:0:0:0:
226,384,154764,6,0,L|244:295,1,90,2|0,2:2|0:0,0:0:0:0:
296,53,154939,6,0,L|301:26,1,27,10|0,3:2|0:0,0:0:0:0:
389,8,155288,6,0,L|300:26,1,90,6|0,3:2|0:0,0:0:0:0:
66,100,155462,1,2,2:2:0:0:
142,131,155549,1,0,0:0:0:0:
194,68,155636,2,0,L|179:1,1,67.5000025749208,10|0,3:2|0:0,0:0:0:0:
0,153,155811,2,0,L|14:218,1,67.5000025749208,2|0,2:2|0:0,0:0:0:0:
185,305,155985,2,0,L|119:290,1,67.5000025749208,6|0,3:2|0:0,0:0:0:0:
376,378,156160,1,2,2:2:0:0:
407,302,156247,1,2,2:2:0:0:
344,250,156334,2,0,L|277:265,1,67.5000025749208,10|0,3:2|0:0,0:0:0:0:
27,342,156509,1,2,3:2:0:0:
27,342,156857,5,10,2:2:0:0:
113,366,156945,1,10,2:2:0:0:
185,305,157032,2,0,L|175:260,1,45,14|0,3:2|0:0,0:0:0:0:
374,127,157206,2,0,L|364:172,1,45,2|0,2:2|0:0,0:0:0:0:
122,64,157381,2,0,L|112:19,1,45,2|0,3:2|0:0,0:0:0:0:
355,0,157555,1,2,3:2:0:0:
355,0,157729,1,2,3:2:0:0:
89,286,157904,5,0,3:3:0:0:
63,206,157991,1,0,3:3:0:0:
37,126,158078,2,0,P|81:135|125:144,1,90,6|0,3:2|0:0,0:0:0:0:
512,147,158253,5,10,2:2:0:0:
451,80,158340,1,8,2:2:0:0:
374,127,158427,2,0,P|364:171|355:215,1,90,10|0,3:2|0:0,0:0:0:0:
481,367,158602,2,0,P|490:322|499:278,1,90,10|0,2:2|0:0,0:0:0:0:
173,254,158776,5,10,3:2:0:0:
173,353,158864,1,10,2:2:0:0:
268,384,158951,1,10,2:2:0:0:
326,303,159038,1,8,2:2:0:0:
268,223,159125,2,0,P|223:232|179:241,1,90,6|0,3:2|0:0,0:0:0:0:
0,34,159299,6,0,L|5:7,1,26.9999991760254,6|0,3:2|0:0,0:0:0:0:
103,0,159648,5,2,3:2:0:0:
77,80,159735,1,2,3:2:0:0:
51,160,159822,2,0,P|95:151|139:142,1,90,6|0,3:2|0:0,0:0:0:0:
346,20,159997,2,0,P|302:11|258:2,1,90,2|0,2:2|0:0,0:0:0:0:
432,253,160171,2,0,P|474:239|501:204,1,90,2|0,3:2|0:0,0:0:0:0:
425,90,160346,2,0,P|382:103|355:138,1,90,2|0,2:2|0:0,0:0:0:0:
128,361,160520,2,0,B|141:302|87:239|87:239|141:302|210:297,1,270,10|0,3:2|0:0,0:0:0:0:
416,337,160869,5,2,1:2:0:0:
345,382,160956,1,2,1:2:0:0:
275,339,161043,2,0,L|289:272,1,67.5000025749208,2|0,1:2|0:0,0:0:0:0:
501,204,161218,2,0,L|486:270,1,67.5000025749208,10|0,3:2|0:0,0:0:0:0:
228,74,161392,1,2,1:2:0:0:
299,29,161479,1,0,1:1:0:0:
369,72,161566,2,0,L|354:138,1,67.5000025749208,2|0,3:2|0:0,0:0:0:0:
41,121,161741,6,0,L|31:76,1,45,2|0,1:2|1:1,0:0:0:0:
152,162,161915,2,0,L|142:117,1,45,2|0,3:2|0:0,0:0:0:0:
26,360,162090,1,6,3:2:0:0:
26,360,162439,5,10,2:2:0:0:
102,309,162526,1,10,2:2:0:0:
79,224,162613,2,0,P|39:231|0:240,1,80.9999975280763,10|0,3:2|0:0,0:0:0:0:
197,378,162788,2,0,P|216:343|215:297,1,80.9999975280763,10|0,2:2|0:0,0:0:0:0:
79,132,162962,2,0,P|39:139|0:148,1,80.9999975280763,6|0,3:2|0:0,0:0:0:0:
256,192,163136,5,10,2:2:0:0:
337,223,163224,1,8,2:2:0:0:
404,169,163311,2,0,P|400:146|396:124,1,45,2|0,3:2|0:0,0:0:0:0:
362,305,163485,5,8,2:2:0:0:
443,336,163573,1,8,2:2:0:0:
510,282,163660,2,0,P|506:259|502:237,1,45,6|0,3:2|0:0,0:0:0:0:
480,31,163834,5,10,2:2:0:0:
396,12,163921,1,8,2:2:0:0:
307,0,164009,2,0,P|318:44|326:88,1,90,10|0,3:2|0:0,0:0:0:0:
60,219,164183,2,0,P|68:174|78:131,1,90,10|0,2:2|0:0,0:0:0:0:
357,332,164358,5,10,3:2:0:0:
452,363,164445,1,10,2:2:0:0:
510,282,164532,1,10,2:2:0:0:
452,202,164619,1,8,0:0:0:0:
357,233,164706,2,0,P|401:241|445:251,1,90,6|0,3:2|0:0,0:0:0:0:
78,130,164881,6,0,L|51:135,1,26.9999991760254,6|0,3:2|0:0,0:0:0:0:
8,63,165229,5,2,3:2:0:0:
91,44,165316,1,2,3:2:0:0:
180,33,165404,2,0,P|169:76|161:121,1,90,6|0,3:2|0:0,0:0:0:0:
27,309,165578,2,0,P|18:264|8:221,1,90,2|0,2:2|0:0,0:0:0:0:
325,87,165753,2,0,P|368:88|391:125,1,90,2|0,3:2|0:0,0:0:0:0:
512,192,165927,2,0,P|523:233|495:267,1,90,2|0,2:2|0:0,0:0:0:0:
259,340,166102,2,0,B|190:271|270:182|354:232|354:232|335:262|346:297,1,270,10|0,3:2|0:0,0:0:0:0:
167,353,166450,5,2,1:2:0:0:
84,371,166538,1,2,1:2:0:0:
27,309,166625,2,0,P|33:275|40:242,1,67.5000025749208,2|0,1:2|0:0,0:0:0:0:
172,150,166799,2,0,P|164:182|158:216,1,67.5000025749208,10|0,3:2|0:0,0:0:0:0:
172,20,166974,5,2,1:2:0:0:
255,2,167062,1,0,1:1:0:0:
312,64,167149,2,0,P|305:97|298:130,1,67.5000025749208,2|0,3:2|0:0,0:0:0:0:
424,362,167322,6,0,L|468:352,1,45,2|0,1:2|1:1,0:0:0:0:
342,275,167497,2,0,L|386:265,1,45,2|0,3:2|0:0,0:0:0:0:
84,371,167671,1,6,3:2:0:0:
84,371,168020,5,10,2:2:0:0:
167,353,168107,1,10,2:2:0:0:
175,268,168195,2,0,P|131:274|86:286,1,90,10|0,3:2|0:0,0:0:0:0:
0,138,168369,2,0,P|44:132|89:120,1,90,10|0,2:2|0:0,0:0:0:0:
409,36,168543,2,0,P|397:79|391:124,1,90,6|0,3:2|0:0,0:0:0:0:
424,362,168718,5,10,2:2:0:0:
357,302,168805,1,8,2:2:0:0:
375,213,168892,2,0,P|421:221|463:231,1,90,2|0,3:2|0:0,0:0:0:0:
242,328,169067,5,8,2:2:0:0:
175,268,169154,1,8,2:2:0:0:
193,179,169241,2,0,P|239:187|281:197,1,90,4|0,3:2|0:0,0:0:0:0:
11,145,169939,6,0,P|57:153|99:163,1,90,4|0,3:2|0:0,0:0:0:0:
410,26,170288,6,0,P|420:27|432:30,1,22.5,0|0,1:1|0:0,0:0:0:0:
512,115,170462,6,0,P|466:123|424:133,1,90,6|0,3:2|0:0,0:0:0:0:
59,302,170811,5,10,2:2:0:0:
114,236,170898,1,10,2:2:0:0:
201,262,170985,2,0,P|191:300|184:341,1,80.9999975280763,10|0,3:2|0:0,0:0:0:0:
28,224,171160,2,0,P|21:184|10:144,1,80.9999975280763,10|0,2:2|0:0,0:0:0:0:
259,16,171334,2,0,P|249:54|242:95,1,80.9999975280763,2|0,3:2|0:0,0:0:0:0:
430,328,171509,5,2,3:2:0:0:
375,262,171596,1,0,3:3:0:0:
288,288,171683,2,0,P|278:326|271:367,1,80.9999975280763,6|0,3:2|0:0,0:0:0:0:
512,115,171857,6,0,L|506:88,2,26.9999991760254,2|2|2,2:2|2:2|2:2,0:0:0:0:
256,192,172293,12,0,174648,0:0:0:0:
512,313,174822,6,0,P|478:319|445:327,1,67.5000025749208,6|0,3:2|0:0,0:0:0:0:
218,333,174997,5,10,2:2:0:0:
264,273,175084,1,2,2:2:0:0:
339,283,175171,1,2,3:2:0:0:
219,340,175346,5,10,2:2:0:0:
266,280,175433,1,2,2:2:0:0:
341,290,175520,1,2,3:2:0:0:
220,347,175695,5,10,2:2:0:0:
267,287,175782,1,2,2:2:0:0:
342,297,175869,2,0,L|334:330,1,33.7500012874604,2|0,3:2|0:0,0:0:0:0:
134,383,176043,2,0,L|141:349,1,33.7500012874604,10|0,2:2|0:0,0:0:0:0:
23,186,176218,6,0,L|89:200,1,67.5000025749208,2|0,3:2|0:0,0:0:0:0:
330,168,176392,5,10,2:2:0:0:
284,108,176479,1,2,2:2:0:0:
209,118,176567,2,0,L|216:151,1,33.7500012874604,2|2,3:2|2:3,0:0:0:0:
420,207,176741,2,0,L|413:173,1,33.7500012874604,10|0,2:2|0:0,0:0:0:0:
196,253,176915,1,2,3:2:0:0:
196,253,177003,1,2,2:3:0:0:
196,253,177090,1,10,2:2:0:0:
392,96,177264,1,2,3:3:0:0:
212,24,177439,1,10,2:2:0:0:
344,234,177613,6,0,P|337:201|329:167,1,67.5000025749208,6|0,3:2|0:0,0:0:0:0:
59,34,177788,5,10,2:2:0:0:
61,109,177875,1,2,2:2:0:0:
128,144,177962,1,2,3:2:0:0:
63,29,178137,5,10,2:2:0:0:
67,104,178224,1,2,2:2:0:0:
133,140,178311,1,2,3:2:0:0:
67,23,178486,5,10,2:2:0:0:
70,99,178573,1,2,2:2:0:0:
136,135,178660,2,0,L|169:127,1,33.7500012874604,2|0,3:2|0:0,0:0:0:0:
474,96,178834,1,10,2:2:0:0:
433,25,178921,1,8,2:2:0:0:
351,25,179009,5,6,3:2:0:0:
392,96,179095,1,2,2:2:0:0:
474,96,179183,1,2,2:2:0:0:
212,24,179357,1,2,2:2:0:0:
324,190,179532,6,0,L|328:167,2,22.5,2|2|2,2:2|2:2|2:2,0:0:0:0:
